10199547
4947958
1901487
5692107
3289946
1290582
205488
679472
6176182
6233828
3337561
16043252
8063551
2941599
16580413
7890390
15715996
10594603
14173502
10337567
15207245
10220947
15817191
1578761
2498867
2709284
6533059
15764340
15880480
3425706
9925113
16174959
16755298
2714474
13622011
15073868
2576109
9234143
6417459
9261693
9952086
1106440
3109895
12236753
1810140
5880668
12018853
6730332
13306590
1177338
15472985
13378794
15907181
9170620
11105598
13862080
13727580
15498966
403552
10097701
2666202
14095497
2882389
10381129
4959202
7011879
11409563
3971341
9222845
13742369
12382686
5061744
9489059
3476811
7854465
11271570
10992103
1125805
5091726
6168464
4908611
14215250
8084562
2064630
2238908
12198242
16438189
1037330
14330672
4328381
10688047
7823588
12478443
7369631
7491520
15559002
2236827
3109018
13752982
11170593
12151017
12788788
6535141
8909407
1853479
6118354
2027929
7574406
6556424
4423775
14332665
15697314
8302329
6080039
3260661
5199779
16747391
13317317
524138
13254509
15798839
9118669
5882463
2807502
7631427
14026236
3499213
11712002
10959506
7783422
12309789
8053479
14977300
8979179
14878225
10171568
5054983
8135292
10959962
12962728
11936144
10075537
14451066
12986470
14058080
12015222
16699192
12497856
5574058
8683635
8140576
8678866
9013913
3296173
5767957
3447952
2375017
1478746
8055360
12035723
10911687
12362824
5475336
301778
8123453
1921918
14007551
8609891
11371932
3212112
9982724
2892781
1308627
15249634
10240501
2207582
10924577
7409965
11891891
13504855
5437887
5514233
12585515
1630307
16443332
5229856
1236844
12899513
2280664
3070537
6861262
8003633
9680980
5681178
3406416
14443831
6534812
7453237
8059224
12867489
7326478
8242922
6849290
7646095
15359109
14969759
10155103
6099910
13363022
2964247
2196257
8757371
879780
12084361
2802385
5051891
15392004
1164145
1630572
8580610
15478869
5805405
5547222
2170163
16124810
2041510
12822415
10859033
11515773
12163608
11568398
3907654
2047732
7494625
6133513
7208537
3488280
9391855
7753840
16745633
16319357
15853258
3677399
1498643
9416066
479401
13868673
8676490
6972960
4247010
1512970
12519833
10902098
4344409
9848862
3845083
11821321
15924128
9907061
14547702
4882207
4717464
13145755
4896877
5761515
3734588
13749707
4380145
16694292
15047673
12628073
13254850
2080737
8444819
13504321
11567782
3416740
240095
9294860
1214712
6073844
8284182
8370975
11171698
14963782
13192281
9489805
12608395
12058337
8409383
9510731
5897360
400013
9058618
11525688
16163068
16668213
1538260
6684477
1454377
10375797
5147162
5966282
4744926
7539306
2646623
5577572
3262245
9954380
14947421
6318052
11594846
10580751
11004029
6396780
16009356
5427466
12104191
7386092
14634954
8283561
13391795
5930348
12568252
11017594
11301447
15786270
6659634
7885654
14330569
9432941
5312836
14455560
3662600
12186640
7060370
10494176
11991210
1649744
1834939
14085525
3116203
3067480
11116473
8120912
15279294
14489742
6879045
10296629
16143523
2618524
151888
16738976
2462720
9989825
11313708
6799904
5030771
1417919
3550766
6010797
3607272
2477958
2673994
13301957
8594690
11976048
11494770
9529854
16181612
9862053
7441558
6810446
14951255
15555531
1117553
12001149
16628775
13755133
16131487
3894647
12375417
2080597
10351887
8556483
12815098
7636541
14273597
5056280
13518223
13671427
5256578
3285010
8351514
4058319
13695820
9863469
2435837
4689302
3776275
6163598
3066880
5481480
14491827
2926802
10550940
16417528
11493602
1496038
1968152
2514954
12284303
7965432
4565182
2540514
5685572
12622321
13816744
14838361
15141058
1354552
13947437
10354818
9265594
11316593
6876623
626081
15855542
16000932
8215246
12031579
8347419
14107782
3139861
12100006
11558573
3807979
434707
16769318
1745899
7854844
1225325
4046296
7692107
6610353
7743210
1378783
13301886
16671999
3313435
4058257
3279309
16082801
5017174
1724867
13222377
14991463
2156394
654440
12767898
10632910
16341335
14701193
16447048
4093476
8357271
8634536
3459972
13306022
687195
16521323
5804662
4781294
389609
2078042
15686033
16307399
959445
11032174
12636847
7861720
9061975
10260190
4173186
15189671
9845547
13058169
14259508
1356509
6043053
3719324
6572791
7186412
6964400
13423246
6071167
8978184
16651165
3373495
13899630
15225397
10795719
14579681
12919817
11216710
7302312
12122701
15321079
3058925
13011940
2236412
273459
11324057
3616319
8615733
4723164
13056912
5852315
11393976
14896995
5214118
13926692
9700800
15384588
5630006
9598041
6297410
12197337
14599506
10701141
408690
10402976
3921353
5858057
4026858
9096013
15242118
12173444
13982007
15285048
4560057
16549690
790519
9349855
1861806
7328133
5034239
4750972
16258190
6342153
4525625
10539877
13289494
11451541
9842778
10956960
3873848
8568674
7305881
5903530
10912957
12459500
16590829
9565212
9761389
1422048
10543204
4287390
10406847
962950
3441503
8892281
16264963
5087967
13243020
8608013
13379818
4923537
14916762
3286134
16280973
2481400
4286866
189413
1632166
4965991
1286386
1286223
10275118
2246805
14427750
6858132
11983295
5352576
7516460
4718714
11249892
16172482
15931115
3736725
2991411
13303375
5015758
11592863
15889218
11567085
6222946
5682855
4932006
255855
5041358
11187227
6242271
7037372
12271475
12044748
14697864
798735
16753935
137941
15633505
7983271
2267413
4704396
3213980
15465735
10499998
7327414
8477316
7372936
8110866
15012755
15173871
3594885
4128837
6212755
1502183
10193086
14323288
13385780
7737053
1157564
6656595
15190215
13275155
8449567
3016928
2502872
11449415
8268672
11245103
8342876
16230529
4427362
14104678
13939180
7245451
10466112
13469597
10677502
16524817
3785499
16095903
15838032
9192035
12980033
6806847
4001681
1594041
9514004
1998654
3828705
12163144
9299089
8598850
1583786
5093849
10017300
12852082
3095070
2830180
8167058
13575878
15185351
13005058
2657486
12120618
4270715
10506957
7447449
7555814
710522
3793562
11591712
5101514
7553380
7162887
11321719
2159592
13411956
15502128
12131915
3830676
8526993
2512248
6731374
4971673
14542488
11983320
12711517
9809036
7652509
6194928
11558001
1760569
11560955
11834231
4755299
10152703
14409082
8437196
15158816
15296276
5675802
16627799
1268386
6325107
12726742
15374827
16768612
2435870
8162051
9042643
15835264
2161477
6589161
14757877
14019880
5956531
7748560
6444428
16518459
2368158
7531460
8128806
820488
9944283
6580530
16596722
7961646
14564106
8166578
11235381
2047851
2902561
9817698
15816575
387523
6983013
8583334
11067999
1846780
2514023
2784827
6963090
14536126
16510306
8823895
9159511
11893205
3431878
13656014
14909732
15345943
12498011
16759814
10562062
10947180
9116904
6005057
6695257
12798979
14596278
13867644
1819666
14964618
1189087
5759030
15912237
1032800
8434317
4333911
16671879
10554193
319987
10937498
7554084
7335467
13588958
13164580
15522661
1067701
16246622
6166545
3760985
10461490
4543993
12197214
2042129
9854026
2731391
10772964
7238346
10191015
13881712
6068690
4131308
7403242
10687347
10796198
3012147
6432454
11022650
4385920
3484921
12043015
3265171
11319408
10728033
7393332
12454221
6195836
10104878
8817442
7071193
14363117
14063439
846924
11334765
13431775
12301465
2177363
12626596
10650639
10512111
5841145
11563104
4002903
3769314
1511755
15545299
5490618
5541883
8731734
543571
15575893
15980634
15243189
12381112
12751399
1426335
8988601
10259099
2459003
15228968
674168
12072163
12886096
4017261
8730965
16383651
11105856
8752045
15312550
13516085
14621492
6757474
6961955
7926567
12211811
12263109
9578147
14658112
2633277
10086243
6104887
11245209
6869298
9032699
3304541
9120111
10339982
13201168
4322103
3264205
13336635
13772873
5210886
8995316
13428629
6710334
15453717
16661694
1686119
9444749
9309500
7473644
9813653
16052737
12971202
9579675
11440402
321848
6300176
11768773
5213321
13575575
945150
7346914
12958505
5643376
12457165
3083356
7510825
13956633
8447734
11555514
3777501
3136037
10786292
14718408
16105292
12234312
15739866
7927124
3831798
4663116
1932632
13692501
7104649
13101649
1831189
9205123
8118863
8014024
10100420
6153905
11529048
3750639
4101982
7552592
7220622
883251
14044180
15830454
12357754
5033651
777783
15914694
11646614
13897738
8788276
4443101
12124678
15286761
15596067
811174
14745812
11751279
1054702
15133648
15264720
2942166
3585319
14797649
938718
7400715
15471339
8864017
9179782
9398215
3550158
11435925
1804162
3226684
7557351
9093441
16630350
9038789
7885403
14918819
5223613
1613595
8591981
10418162
12796707
3536438
15447887
9398754
14708670
5160838
2399760
3555465
1900248
6206830
3076604
3538146
6015594
8683703
1073310
9610546
16200168
12280675
5690684
2358823
306302
5206170
16721940
15410513
15621639
4678526
3004433
10838790
3203028
2934637
15909346
9009533
13320860
11597781
3485507
3980888
11472079
13024203
11019871
14724725
15981836
12196275
13094074
8381751
15792527
2037957
5262540
2499605
11198480
12067009
7791284
1953922
11117539
8231703
13599973
13410493
10694382
16675764
13410950
15890282
16073621
15049248
16145512
3947820
16201424
15891671
833565
2763453
16312333
5716156
11597936
12316751
14188065
7965776
9993436
12760113
16529896
9789833
11033635
12350963
10514205
2896254
9766412
1386593
13233794
10021324
12081045
5517025
2769014
2876481
11209866
3929543
307457
6278530
4377414
14445664
6089807
11638423
406746
11224675
10004984
880310
12422715
11689108
15295328
8517216
6453335
11289934
6120477
7571916
14915077
13402290
1087364
3065514
7035286
10765562
16028199
12904387
6160823
6764951
1742481
12961625
12003265
15670863
143205
16209698
3693100
9800358
900010
13967765
7527942
552051
6920720
10382228
4897672
2406010
8321779
13188812
3352007
11764838
3906536
5762029
5156199
15060071
3700961
12996523
6073283
1979197
4905772
11382160
11022499
2990391
10222581
11180014
6902223
9595182
2548591
4121587
13630232
15204663
4412728
8115027
7524454
16712496
9165670
3973706
13368155
10759415
5609778
13088674
12194977
3399780
10883625
16545018
7344074
6743501
8581309
9680662
4395222
2972683
14210044
561131
15490529
3240589
6547053
3978757
2543488
16195647
13069362
3348069
13559875
14227569
1860328
6841902
1794469
12325163
8904487
14514303
10543965
10979247
16123884
7956855
6601558
16174084
11844844
14797259
6019614
3190469
8079197
2571656
9878157
2220150
2781863
13782097
3995033
11619035
1995041
14762263
10972665
4622029
11318838
7287425
12692496
5857108
6815754
7004990
4143871
8921221
13896996
10211883
6470988
9732605
13872053
7486654
10926983
13257871
11142519
993826
308146
15441103
1585809
9433737
7869902
4637693
6585447
14660510
6431481
10119631
14052580
13979754
14363104
2723663
10830980
11534343
5213941
8028417
1247004
3410478
5716463
15298600
4694630
8297267
3098212
12604390
9649972
8782119
1420332
7706264
10513498
7999937
2133791
5760391
14298745
10406752
929362
14214339
10755889
1430181
1131173
10711429
13993602
12618093
12770441
12721953
15200178
4057733
5335913
15960112
10106263
1693467
16717527
9925379
14927282
5656323
5870796
14051610
1385578
8213241
11102658
12236980
3875698
10131342
1986867
1284387
4992087
5134327
12998739
1622483
15483201
15636692
12188451
1889407
6914822
11146263
13430566
13819970
11999981
11624315
4122575
6852785
2500024
5252720
10146226
12361033
10080794
1080878
795396
2508268
11160579
6053487
13888630
13521979
14065151
9144998
10444257
8497899
4036440
14816687
16392244
14946133
4425377
13565128
9960262
14414243
2855439
11988288
3216363
10133777
12803846
11037295
6231648
15918821
10624591
1210047
8905913
2326439
5887878
938500
5177675
5610067
832159
12222742
12428370
12608513
13375146
5852544
658215
3205049
7253857
4218946
6324273
9050318
7081146
8232686
5922457
14933557
3847697
3970813
12453186
15745542
14461825
13143821
5077789
9082172
8697994
3655839
8338710
11022472
1855811
16584245
601364
754401
7500831
11520292
5069673
6623506
2558863
15494918
9828862
4315762
145884
14942366
14900235
1175897
13753311
7531037
636877
2022870
15221420
10299134
12077810
1847665
6479258
11657541
4618163
10117040
9657279
12688522
8845706
10158921
4592268
11898983
6164074
15595458
7763184
13193945
6725122
3315056
6926418
2032050
8475975
6725251
4294784
2251198
6308528
11760103
1117912
6533682
9552163
13338748
6254832
8631018
2032973
14054709
16174426
4873057
12852590
7810370
5082941
14094005
454429
6524284
16083224
9031125
662367
10643895
1810777
10060761
15444165
10169550
14505506
6009000
11925169
14655584
4445732
16331657
11105772
15205752
10137708
8999087
8499931
2268785
11602348
14555833
16236124
2114177
184476
15364647
15361313
1040244
6365714
11342063
7533512
850461
11892133
11095789
1679738
1740051
9421510
5317766
16243942
6427465
14404040
8229588
9531822
674810
14285186
3875756
8534033
8799062
1658612
3161936
6963101
8555088
15607227
3879183
2507019
2892690
6796314
16115441
3788051
6985671
12331227
14991996
2223905
2403028
834180
16492772
10269984
14570166
2812690
15488864
13875795
6197802
10528692
3652615
2950231
15116607
6254092
4035705
14639013
8345430
14042589
16658608
7747301
15307005
10683470
14959005
1930834
2468714
1518205
4446156
1006826
7498550
11522447
14476785
11186442
7743280
7987239
16643422
12666624
12717832
1078743
7892574
2973661
4594332
2336266
10849295
11955803
4777621
13349554
14641598
1650957
12138509
15252798
9217758
11193714
16756644
5044025
6616441
3426407
1685391
13414757
15666576
8064924
8422321
10816842
7173390
7835224
1923552
6008745
2115582
14049155
7327480
1613751
13999692
430439
14970477
7525546
8698839
6204908
15061337
11730608
3097511
6520379
8170259
7036765
10946555
5671855
5449652
4744510
12621178
14519267
10502084
11267191
1542144
14394194
3780509
15470620
9851551
14533506
7085039
2835295
2105866
12812338
7133940
6534057
10850341
15156238
5822151
1823550
8398978
4301483
1522772
8604761
3694484
4131928
16258873
6669373
15151320
2613793
3717340
11657820
1813143
7073526
12760008
620135
14698470
13029212
2973515
2205391
10885715
6921549
3673605
11103582
15787013
6892327
288746
2608707
11653231
13480026
12019947
589130
2776196
15570577
8213566
10795494
10032892
2965359
6956233
14455595
230801
7889872
14584069
12410391
1506366
12643979
9561871
468999
8148779
12509211
12783735
10183356
4722331
11560825
15581087
7492622
10304841
7180406
9598527
2897675
7675035
5040745
12540145
7572529
972484
15969503
5366326
15482941
3800128
5311518
5188546
8608330
5734438
4433592
309841
16541639
9759925
9556345
16419459
7787857
7343861
3848425
15804355
8625036
402565
5710186
1320009
6833327
10394021
16408987
13098702
8605631
2788954
7798805
15817345
5615428
7016370
16398087
10648640
14794691
11703696
6827836
4091921
9116702
4570395
4377137
13414163
2394337
4469620
9546157
5846073
8159345
13867975
7420938
3553331
15484687
12463509
10418389