10 102 103 104 105 106 291 292
11 192 193 194 195 196 197 198 248 249 250 251 252 253 254 255
12 13 14 15 16 17 18 19 68 69 70 71 72 107 108 109 110 114 115 116 131 132 133 134 135 136 137 138
14 47 48 49 50 51 52 53
15 20 21 22 117 118 119 276 277 278 279 280 281 282
19 120 121 122 211 212 213 214 215 216 217
20 60 61 62 63 64 65 66 67 256 257 258 259
21 7 8 9 10 11 12 31 32 33 34 35 36 37 38 260 261 262
22 39 40 54 55 89 90 91 92 93 94 95 155 156 236 237 238 239 240 241 242 243 244
23 173 174 175
24 96 97 98 99 100 101
25 263 264 265 266 267 268 269 270
26 41 42 43 44 45 46 56 57 58 59 182 183 184 185 186 187 188 189 190 191
27 218 219 220 221 222 223 224 225
28 164 165 166 167 168 169 170 171 172 271 272 273 274 275
29 23 24 25 26 27 28 29 30 73 74 75 76 77 78 79 139 140 141 142 143 153 154 157 158 159 160 161 162 163
30 80 81 82 83 84 85 86 87 88 226 227 228 229 230 231 232 233 234 235
31 0 1 2 3 4 5 6
32 283 284 285 286 287 288 289 290
33 123 124 125 126 127 128 129 130 176 177 178 179 180 181
34 144 145 146 147 148 149 150 151 152
35 199 200 201 202
37 111 112 113
38 203 204 205 206 207 208 209 210 245 246 247
707
