	1
[89, 264, 730, 1082, 1588, 2088, 2539, 3327, 5709, 6772]
[327, 573, 1489, 2448, 2833, 3062, 6957, 7968, 8711, 8882]

	2
[82, 263, 708, 1080, 1586, 2068, 2532, 3318, 5707, 6752]
[326, 561, 1486, 2447, 2829, 3059, 6953, 7965, 8708, 8867]

	3
[75, 262, 686, 1078, 1584, 2048, 2524, 3309, 5705, 6732]
[325, 549, 1483, 2446, 2825, 3056, 6949, 7964, 8705, 8853]

	4
[68, 261, 664, 1076, 1582, 2028, 2516, 3300, 5703, 6712]
[324, 537, 1480, 2445, 2821, 3053, 6945, 7963, 8702, 8839]

	5
[67, 260, 643, 1074, 1580, 2008, 2508, 3291, 5695, 6692]
[323, 525, 1477, 2444, 2817, 3050, 6941, 7962, 8699, 8826]

	6
[66, 259, 622, 1072, 1578, 1988, 2500, 3282, 5687, 6672]
[322, 513, 1474, 2443, 2813, 3047, 6937, 7961, 8696, 8813]

	7
[65, 258, 601, 1070, 1576, 1968, 2492, 3273, 5679, 6652]
[321, 501, 1471, 2442, 2809, 3044, 6933, 7960, 8693, 8801]

	8
[64, 257, 580, 1068, 1574, 1948, 2484, 3264, 5671, 6632]
[320, 489, 1468, 2441, 2805, 3041, 6929, 7959, 8690, 8789]

	9
[63, 256, 559, 1066, 1572, 1928, 2476, 3255, 5663, 6612]
[319, 477, 1465, 2440, 2801, 3038, 6925, 7958, 8687, 8777]

	10
[62, 256, 538, 1064, 1570, 1908, 2468, 3246, 5655, 6592]
[318, 465, 1462, 2439, 2797, 3035, 6921, 7957, 8684, 8766]

	11
[61, 256, 517, 1062, 1568, 1888, 2460, 3237, 5647, 6572]
[317, 453, 1459, 2438, 2793, 3032, 6917, 7956, 8681, 8755]

	12
[60, 256, 496, 1060, 1566, 1869, 2452, 3228, 5639, 6552]
[316, 441, 1456, 2437, 2789, 3029, 6913, 7955, 8678, 8745]

	13
[59, 256, 475, 1058, 1564, 1850, 2444, 3219, 5631, 6532]
[315, 429, 1453, 2436, 2785, 3026, 6910, 7954, 8675, 8735]

	14
[58, 256, 454, 1056, 1562, 1831, 2437, 3210, 5623, 6512]
[314, 417, 1450, 2435, 2781, 3023, 6907, 7953, 8672, 8726]

	15
[57, 256, 433, 1054, 1560, 1812, 2430, 3201, 5615, 6492]
[313, 405, 1447, 2434, 2777, 3020, 6904, 7952, 8669, 8717]

	16
[56, 256, 412, 1052, 1558, 1793, 2423, 3192, 5607, 6472]
[312, 393, 1444, 2433, 2773, 3017, 6901, 7951, 8666, 8709]

	17
[55, 256, 391, 1050, 1556, 1774, 2416, 3183, 5599, 6452]
[311, 381, 1441, 2432, 2769, 3014, 6898, 7950, 8663, 8701]

	18
[54, 256, 370, 1048, 1554, 1755, 2409, 3174, 5591, 6432]
[310, 369, 1438, 2431, 2765, 3011, 6895, 7949, 8660, 8694]

	19
[53, 256, 350, 1046, 1552, 1736, 2402, 3165, 5583, 6412]
[309, 357, 1435, 2430, 2761, 3008, 6892, 7948, 8657, 8687]

	20
[52, 256, 330, 1044, 1550, 1717, 2395, 3156, 5575, 6392]
[308, 345, 1432, 2429, 2757, 3005, 6889, 7947, 8654, 8680]

	21
[51, 256, 310, 1042, 1548, 1698, 2388, 3147, 5567, 6372]
[307, 333, 1429, 2428, 2753, 3002, 6886, 7946, 8651, 8674]

	22
[50, 256, 290, 1040, 1546, 1679, 2381, 3138, 5559, 6352]
[306, 321, 1426, 2427, 2749, 2999, 6883, 7945, 8648, 8668]

	23
[49, 256, 270, 1038, 1543, 1660, 2374, 3129, 5551, 6332]
[305, 309, 1423, 2426, 2745, 2996, 6880, 7944, 8645, 8663]

	24
[48, 250, 256, 1036, 1540, 1641, 2367, 3120, 5543, 6312]
[297, 304, 1420, 2425, 2741, 2994, 6877, 7943, 8642, 8658]

	25
[47, 230, 256, 1034, 1537, 1622, 2360, 3111, 5535, 6292]
[285, 303, 1417, 2424, 2737, 2992, 6874, 7942, 8639, 8654]

	26
[46, 210, 256, 1032, 1534, 1603, 2353, 3102, 5527, 6272]
[273, 302, 1414, 2423, 2733, 2990, 6871, 7941, 8636, 8650]

	27
[45, 190, 256, 1030, 1531, 1584, 2346, 3093, 5520, 6252]
[261, 301, 1411, 2422, 2729, 2988, 6868, 7940, 8633, 8646]

	28
[44, 170, 256, 1028, 1528, 1565, 2339, 3084, 5513, 6232]
[249, 300, 1408, 2421, 2725, 2986, 6866, 7939, 8630, 8643]

	29
[43, 150, 256, 1026, 1525, 1546, 2332, 3075, 5506, 6212]
[237, 299, 1405, 2420, 2721, 2984, 6864, 7938, 8627, 8640]

	30
[42, 130, 256, 1024, 1522, 1531, 2325, 3066, 5499, 6187]
[225, 298, 1402, 2419, 2717, 2982, 6862, 7937, 8624, 8638]

	31
[41, 110, 256, 1022, 1516, 1519, 2318, 3057, 5492, 6162]
[213, 297, 1399, 2418, 2713, 2980, 6860, 7936, 8621, 8636]

	32
[40, 90, 256, 1020, 1501, 1516, 2311, 3048, 5485, 6137]
[201, 296, 1396, 2417, 2709, 2978, 6858, 7935, 8618, 8635]

	33
[39, 70, 256, 1018, 1486, 1513, 2304, 3039, 5478, 6112]
[189, 295, 1393, 2416, 2705, 2976, 6856, 7934, 8615, 8634]

	34
[38, 50, 256, 1016, 1471, 1510, 2297, 3030, 5471, 6088]
[177, 294, 1390, 2415, 2701, 2974, 6854, 7933, 8612, 8633]

	35
[30, 37, 256, 1014, 1456, 1507, 2290, 3021, 5464, 6064]
[165, 293, 1387, 2414, 2697, 2972, 6852, 7932, 8609, 8633]

	36
[10, 36, 256, 1012, 1441, 1504, 2283, 3012, 5457, 6040]
[153, 292, 1384, 2413, 2693, 2970, 6850, 7931, 8606, 8633]

	37
[35, 256, 1010, 1426, 1501, 2276, 3003, 5450, 6016]
[141, 291, 1381, 2412, 2689, 2968, 6848, 7930, 8603, 8633]

	38
[34, 256, 1007, 1411, 1488, 2269, 2994, 5443, 5992]
[129, 290, 1378, 2411, 2685, 2966, 6846, 7929, 8600, 8633]

	39
[33, 256, 1004, 1396, 1475, 2262, 2985, 5436, 5968]
[118, 289, 1375, 2410, 2681, 2964, 6844, 7928, 8597, 8633]

	40
[32, 256, 1001, 1381, 1462, 2255, 2976, 5429, 5944]
[107, 288, 1372, 2409, 2677, 2962, 6842, 7927, 8595, 8633]

	41
[31, 256, 998, 1366, 1449, 2248, 2967, 5422, 5920]
[96, 287, 1369, 2408, 2673, 2960, 6840, 7926, 8593, 8633]

	42
[30, 256, 995, 1351, 1436, 2241, 2958, 5415, 5896]
[85, 286, 1366, 2407, 2669, 2958, 6838, 7925, 8591, 8633]

	43
[29, 256, 992, 1336, 1424, 2234, 2949, 5408, 5872]
[74, 285, 1363, 2406, 2665, 2956, 6836, 7924, 8589, 8633]

	44
[28, 256, 989, 1321, 1412, 2227, 2940, 5401, 5848]
[63, 284, 1360, 2405, 2661, 2954, 6834, 7923, 8587, 8633]

	45
[27, 256, 986, 1306, 1400, 2220, 2931, 5394, 5824]
[52, 283, 1357, 2404, 2657, 2952, 6832, 7922, 8585, 8633]

	46
[26, 256, 983, 1291, 1388, 2213, 2922, 5387, 5800]
[41, 282, 1354, 2403, 2653, 2950, 6830, 7921, 8583, 8633]

	47
[25, 256, 980, 1276, 1376, 2206, 2913, 5380, 5776]
[30, 281, 1351, 2402, 2649, 2948, 6828, 7920, 8581, 8633]

	48
[24, 256, 977, 1261, 1364, 2199, 2904, 5373, 5752]
[19, 280, 1348, 2401, 2645, 2946, 6826, 7919, 8579, 8633]

	49
[23, 256, 974, 1246, 1352, 2192, 2895, 5366, 5728]
[9, 279, 1345, 2400, 2641, 2944, 6824, 7918, 8577, 8633]

	50
[22, 256, 971, 1231, 1340, 2185, 2886, 5359, 5704]
[278, 1342, 2399, 2637, 2942, 6822, 7917, 8575, 8633]

	51
[21, 256, 968, 1216, 1328, 2178, 2877, 5352, 5680]
[277, 1339, 2398, 2633, 2940, 6820, 7916, 8572, 8633]

	52
[20, 256, 965, 1201, 1316, 2171, 2868, 5345, 5656]
[276, 1336, 2397, 2629, 2938, 6818, 7915, 8569, 8633]

	53
[19, 256, 962, 1186, 1304, 2164, 2859, 5338, 5633]
[275, 1333, 2396, 2625, 2936, 6816, 7914, 8566, 8633]

	54
[18, 256, 959, 1171, 1292, 2157, 2850, 5331, 5610]
[274, 1330, 2395, 2621, 2934, 6814, 7913, 8563, 8633]

	55
[17, 256, 956, 1156, 1280, 2150, 2841, 5324, 5587]
[273, 1327, 2394, 2617, 2932, 6812, 7912, 8560, 8633]

	56
[16, 256, 953, 1141, 1268, 2143, 2832, 5317, 5564]
[272, 1324, 2393, 2613, 2930, 6810, 7911, 8557, 8633]

	57
[15, 256, 950, 1126, 1256, 2136, 2823, 5310, 5541]
[271, 1321, 2392, 2609, 2928, 6808, 7910, 8554, 8633]

	58
[14, 256, 947, 1111, 1244, 2129, 2814, 5303, 5518]
[270, 1318, 2391, 2605, 2926, 6806, 7909, 8551, 8633]

	59
[13, 256, 944, 1096, 1232, 2122, 2805, 5296, 5495]
[269, 1315, 2390, 2601, 2924, 6804, 7908, 8548, 8633]

	60
[12, 256, 941, 1081, 1220, 2115, 2796, 5289, 5472]
[268, 1312, 2389, 2597, 2922, 6802, 7907, 8545, 8633]

	61
[11, 256, 938, 1066, 1208, 2108, 2787, 5282, 5449]
[267, 1309, 2388, 2593, 2920, 6800, 7906, 8542, 8633]

	62
[10, 256, 935, 1051, 1196, 2101, 2778, 5275, 5426]
[266, 1306, 2387, 2589, 2918, 6798, 7905, 8539, 8633]

	63
[9, 256, 932, 1036, 1184, 2094, 2769, 5268, 5403]
[265, 1303, 2386, 2585, 2916, 6796, 7904, 8536, 8633]

	64
[8, 256, 929, 1021, 1172, 2087, 2760, 5261, 5380]
[264, 1300, 2385, 2581, 2914, 6794, 7903, 8533, 8633]

	65
[7, 256, 926, 1006, 1161, 2080, 2751, 5254, 5357]
[263, 1297, 2384, 2577, 2912, 6792, 7902, 8530, 8633]

	66
[6, 256, 923, 991, 1150, 2073, 2742, 5247, 5334]
[262, 1294, 2383, 2573, 2910, 6790, 7901, 8527, 8633]

	67
[5, 256, 920, 976, 1139, 2066, 2733, 5240, 5311]
[261, 1291, 2382, 2569, 2908, 6788, 7900, 8524, 8633]

	68
[4, 256, 917, 961, 1128, 2059, 2724, 5233, 5288]
[260, 1288, 2381, 2565, 2906, 6786, 7899, 8521, 8633]

	69
[3, 256, 914, 946, 1117, 2052, 2715, 5226, 5265]
[259, 1285, 2380, 2561, 2904, 6784, 7898, 8518, 8633]

	70
[2, 256, 911, 931, 1106, 2045, 2706, 5219, 5242]
[258, 1282, 2379, 2557, 2902, 6782, 7897, 8515, 8633]

	71
[1, 256, 908, 916, 1095, 2038, 2697, 5212, 5219]
[257, 1279, 2378, 2553, 2900, 6780, 7896, 8512, 8633]

	72
[256, 901, 905, 1084, 2031, 2688, 5197, 5205]
[256, 1276, 2377, 2549, 2898, 6778, 7895, 8509, 8633]

	73
[256, 886, 902, 1073, 2024, 2679, 5175, 5198]
[255, 1273, 2376, 2545, 2896, 6776, 7893, 8506, 8633]

	74
[256, 871, 899, 1062, 2017, 2670, 5153, 5191]
[254, 1270, 2375, 2541, 2894, 6774, 7891, 8503, 8633]

	75
[256, 856, 896, 1051, 2010, 2661, 5131, 5184]
[254, 1267, 2374, 2537, 2892, 6772, 7889, 8500, 8633]

	76
[256, 841, 893, 1040, 2003, 2652, 5109, 5177]
[254, 1264, 2373, 2533, 2890, 6770, 7887, 8497, 8633]

	77
[256, 826, 890, 1029, 1996, 2643, 5087, 5170]
[254, 1261, 2372, 2529, 2888, 6768, 7885, 8494, 8633]

	78
[256, 811, 887, 1018, 1989, 2634, 5065, 5163]
[254, 1258, 2371, 2525, 2886, 6766, 7883, 8491, 8633]

	79
[256, 796, 884, 1007, 1982, 2625, 5043, 5156]
[254, 1255, 2370, 2521, 2884, 6764, 7881, 8488, 8633]

	80
[256, 781, 881, 996, 1975, 2616, 5021, 5149]
[254, 1252, 2369, 2517, 2882, 6762, 7879, 8485, 8633]

	81
[256, 766, 878, 985, 1968, 2607, 4999, 5142]
[254, 1249, 2368, 2513, 2880, 6760, 7877, 8482, 8633]

	82
[256, 751, 875, 974, 1961, 2598, 4977, 5135]
[254, 1246, 2367, 2509, 2878, 6758, 7875, 8482, 8630]

	83
[256, 736, 872, 963, 1954, 2589, 4955, 5128]
[254, 1243, 2366, 2505, 2876, 6756, 7873, 8482, 8627]

	84
[256, 721, 869, 952, 1947, 2580, 4933, 5121]
[254, 1240, 2365, 2501, 2874, 6754, 7871, 8482, 8624]

	85
[256, 706, 866, 941, 1940, 2571, 4911, 5114]
[254, 1237, 2364, 2497, 2872, 6752, 7869, 8482, 8621]

	86
[256, 691, 863, 930, 1933, 2562, 4889, 5107]
[254, 1234, 2363, 2493, 2870, 6750, 7867, 8482, 8618]

	87
[256, 676, 860, 919, 1926, 2553, 4867, 5100]
[254, 1232, 2362, 2489, 2868, 6748, 7865, 8482, 8615]

	88
[256, 661, 857, 908, 1919, 2544, 4845, 5093]
[254, 1230, 2361, 2485, 2866, 6746, 7863, 8482, 8612]

	89
[256, 646, 854, 897, 1912, 2535, 4823, 5086]
[254, 1228, 2360, 2481, 2864, 6744, 7861, 8482, 8609]

	90
[256, 631, 851, 886, 1905, 2526, 4801, 5079]
[254, 1226, 2359, 2477, 2862, 6742, 7859, 8482, 8606]

	91
[256, 616, 848, 875, 1898, 2517, 4780, 5072]
[254, 1224, 2358, 2473, 2860, 6740, 7857, 8482, 8603]

	92
[256, 601, 845, 864, 1891, 2508, 4759, 5065]
[254, 1222, 2357, 2469, 2858, 6738, 7855, 8482, 8600]

	93
[256, 586, 842, 853, 1884, 2499, 4738, 5058]
[254, 1220, 2356, 2465, 2856, 6737, 7853, 8482, 8597]

	94
[256, 571, 839, 842, 1877, 2490, 4717, 5051]
[254, 1218, 2355, 2461, 2854, 6736, 7851, 8482, 8594]

	95
[256, 556, 831, 836, 1870, 2482, 4696, 5044]
[254, 1216, 2354, 2457, 2852, 6735, 7849, 8482, 8591]

	96
[256, 541, 820, 833, 1863, 2474, 4675, 5037]
[254, 1214, 2353, 2453, 2850, 6734, 7847, 8482, 8588]

	97
[256, 526, 809, 830, 1856, 2466, 4654, 5030]
[254, 1212, 2352, 2449, 2848, 6733, 7845, 8480, 8588]

	98
[256, 511, 798, 827, 1849, 2458, 4633, 5023]
[254, 1210, 2351, 2445, 2846, 6732, 7843, 8478, 8588]

	99
[256, 496, 787, 824, 1842, 2450, 4612, 5016]
[254, 1208, 2350, 2441, 2844, 6731, 7841, 8476, 8588]

	100
[256, 481, 776, 821, 1835, 2442, 4591, 5009]
[254, 1206, 2349, 2437, 2842, 6730, 7839, 8474, 8588]

	101
[256, 466, 765, 818, 1828, 2434, 4570, 5002]
[254, 1204, 2348, 2433, 2840, 6729, 7837, 8472, 8588]

	102
[256, 451, 754, 815, 1821, 2426, 4549, 4995]
[254, 1202, 2347, 2429, 2838, 6728, 7835, 8470, 8588]

	103
[256, 436, 743, 812, 1814, 2418, 4528, 4988]
[254, 1200, 2346, 2425, 2836, 6727, 7833, 8468, 8588]

	104
[256, 421, 732, 809, 1807, 2410, 4507, 4981]
[254, 1198, 2345, 2421, 2834, 6726, 7831, 8467, 8588]

	105
[256, 406, 721, 806, 1800, 2402, 4486, 4974]
[254, 1196, 2344, 2417, 2832, 6725, 7829, 8466, 8588]

	106
[256, 391, 710, 803, 1793, 2394, 4465, 4967]
[254, 1194, 2343, 2413, 2830, 6724, 7827, 8465, 8588]

	107
[256, 376, 699, 800, 1786, 2386, 4444, 4960]
[254, 1192, 2342, 2409, 2828, 6723, 7825, 8464, 8588]

	108
[256, 361, 688, 797, 1779, 2378, 4423, 4953]
[254, 1190, 2341, 2405, 2826, 6722, 7823, 8463, 8588]

	109
[256, 346, 677, 794, 1773, 2370, 4402, 4946]
[254, 1188, 2340, 2401, 2824, 6721, 7821, 8462, 8588]

	110
[256, 331, 666, 791, 1767, 2362, 4381, 4939]
[254, 1186, 2339, 2397, 2822, 6720, 7819, 8461, 8588]

	111
[256, 316, 655, 788, 1761, 2354, 4360, 4932]
[254, 1184, 2338, 2393, 2820, 6719, 7817, 8460, 8588]

	112
[256, 301, 644, 785, 1755, 2346, 4339, 4925]
[254, 1182, 2337, 2389, 2818, 6718, 7815, 8459, 8588]

	113
[256, 286, 633, 782, 1749, 2338, 4318, 4918]
[254, 1180, 2336, 2385, 2816, 6717, 7813, 8458, 8588]

	114
[256, 271, 622, 779, 1743, 2330, 4297, 4911]
[254, 1178, 2335, 2381, 2814, 6716, 7811, 8457, 8588]

	115
[256, 256, 611, 776, 1737, 2322, 4276, 4904]
[254, 1176, 2334, 2377, 2812, 6715, 7809, 8456, 8588]

	116
[241, 256, 600, 773, 1731, 2314, 4255, 4897]
[254, 1174, 2333, 2373, 2810, 6714, 7807, 8455, 8588]

	117
[226, 256, 589, 770, 1725, 2306, 4234, 4890]
[254, 1172, 2332, 2369, 2808, 6713, 7805, 8454, 8588]

	118
[211, 256, 578, 767, 1719, 2298, 4213, 4883]
[254, 1170, 2331, 2365, 2806, 6712, 7803, 8453, 8588]

	119
[196, 256, 567, 764, 1713, 2290, 4193, 4876]
[254, 1168, 2330, 2361, 2804, 6711, 7801, 8453, 8588]

	120
[181, 256, 556, 761, 1707, 2282, 4173, 4869]
[254, 1166, 2329, 2357, 2802, 6710, 7799, 8453, 8588]

	121
[166, 256, 545, 758, 1701, 2274, 4153, 4862]
[254, 1164, 2328, 2353, 2800, 6709, 7797, 8453, 8588]

	122
[151, 256, 534, 755, 1695, 2266, 4133, 4855]
[254, 1162, 2327, 2349, 2798, 6708, 7795, 8453, 8588]

	123
[136, 256, 523, 752, 1689, 2258, 4113, 4848]
[254, 1160, 2326, 2345, 2796, 6707, 7793, 8453, 8588]

	124
[121, 256, 512, 749, 1683, 2250, 4093, 4841]
[254, 1158, 2326, 2341, 2794, 6706, 7791, 8453, 8588]

	125
[106, 256, 501, 746, 1677, 2242, 4073, 4834]
[254, 1156, 2326, 2337, 2792, 6705, 7789, 8453, 8588]

	126
[91, 256, 490, 743, 1671, 2234, 4053, 4827]
[254, 1154, 2326, 2333, 2790, 6704, 7787, 8453, 8588]

	127
[76, 256, 479, 740, 1665, 2226, 4033, 4820]
[254, 1152, 2326, 2329, 2788, 6703, 7785, 8453, 8588]

	128
[61, 256, 468, 737, 1659, 2218, 4013, 4813]
[254, 1150, 2325, 2326, 2786, 6702, 7783, 8453, 8588]

	129
[46, 256, 457, 734, 1653, 2210, 3993, 4806]
[254, 1148, 2321, 2326, 2784, 6702, 7781, 8453, 8588]

	130
[31, 256, 446, 731, 1647, 2202, 3973, 4799]
[254, 1146, 2317, 2326, 2782, 6702, 7779, 8453, 8588]

	131
[16, 256, 435, 728, 1641, 2194, 3953, 4792]
[254, 1144, 2313, 2326, 2780, 6702, 7777, 8453, 8588]

	132
[1, 256, 424, 725, 1635, 2186, 3933, 4785]
[254, 1142, 2309, 2326, 2778, 6702, 7775, 8453, 8588]

	133
[256, 413, 722, 1629, 2178, 3913, 4778]
[254, 1140, 2305, 2326, 2776, 6702, 7773, 8453, 8588]

	134
[256, 402, 719, 1622, 2174, 3893, 4762]
[254, 1138, 2301, 2326, 2774, 6702, 7771, 8453, 8588]

	135
[256, 391, 716, 1615, 2170, 3873, 4746]
[254, 1136, 2297, 2326, 2772, 6702, 7769, 8453, 8588]

	136
[256, 380, 713, 1608, 2166, 3853, 4730]
[254, 1134, 2293, 2326, 2770, 6702, 7767, 8453, 8588]

	137
[256, 369, 710, 1601, 2162, 3833, 4714]
[254, 1132, 2289, 2326, 2768, 6702, 7765, 8453, 8588]

	138
[256, 358, 707, 1594, 2158, 3813, 4698]
[254, 1130, 2285, 2326, 2766, 6702, 7763, 8453, 8588]

	139
[256, 347, 704, 1587, 2154, 3793, 4682]
[254, 1128, 2281, 2326, 2765, 6702, 7761, 8453, 8588]

	140
[256, 336, 701, 1580, 2150, 3773, 4666]
[254, 1126, 2277, 2326, 2764, 6702, 7759, 8453, 8588]

	141
[256, 325, 698, 1573, 2146, 3753, 4650]
[254, 1124, 2273, 2326, 2763, 6702, 7757, 8453, 8588]

	142
[256, 314, 695, 1566, 2142, 3733, 4634]
[254, 1122, 2269, 2326, 2762, 6702, 7755, 8453, 8588]

	143
[256, 303, 692, 1559, 2138, 3713, 4618]
[254, 1120, 2265, 2326, 2761, 6702, 7753, 8453, 8588]

	144
[256, 292, 689, 1552, 2134, 3693, 4602]
[254, 1118, 2261, 2326, 2760, 6702, 7751, 8453, 8588]

	145
[256, 281, 686, 1545, 2130, 3673, 4586]
[254, 1116, 2257, 2326, 2759, 6702, 7749, 8453, 8588]

	146
[256, 270, 683, 1538, 2126, 3653, 4570]
[254, 1114, 2253, 2326, 2758, 6702, 7747, 8453, 8588]

	147
[256, 259, 680, 1531, 2122, 3634, 4554]
[254, 1112, 2249, 2326, 2757, 6702, 7745, 8453, 8588]

	148
[248, 256, 677, 1524, 2118, 3615, 4538]
[254, 1110, 2245, 2326, 2756, 6702, 7743, 8453, 8588]

	149
[237, 256, 674, 1517, 2114, 3596, 4522]
[254, 1108, 2241, 2326, 2755, 6702, 7741, 8453, 8588]

	150
[226, 256, 671, 1510, 2110, 3577, 4506]
[254, 1106, 2237, 2326, 2754, 6702, 7739, 8453, 8588]

	151
[215, 256, 668, 1503, 2106, 3558, 4490]
[254, 1104, 2233, 2326, 2753, 6702, 7737, 8453, 8588]

	152
[204, 256, 665, 1496, 2102, 3539, 4474]
[254, 1102, 2229, 2326, 2752, 6702, 7735, 8453, 8588]

	153
[193, 256, 662, 1489, 2098, 3520, 4458]
[254, 1100, 2225, 2326, 2751, 6702, 7733, 8453, 8588]

	154
[182, 256, 659, 1482, 2094, 3501, 4442]
[254, 1098, 2221, 2326, 2750, 6702, 7731, 8453, 8588]

	155
[171, 256, 656, 1475, 2090, 3482, 4426]
[254, 1096, 2217, 2326, 2749, 6702, 7729, 8453, 8588]

	156
[160, 256, 653, 1468, 2086, 3463, 4410]
[254, 1094, 2213, 2326, 2748, 6702, 7727, 8453, 8588]

	157
[149, 256, 650, 1461, 2082, 3444, 4394]
[254, 1092, 2209, 2326, 2747, 6702, 7725, 8453, 8588]

	158
[138, 256, 647, 1454, 2078, 3425, 4378]
[254, 1090, 2205, 2326, 2746, 6702, 7723, 8453, 8588]

	159
[127, 256, 644, 1447, 2074, 3406, 4362]
[254, 1088, 2201, 2326, 2745, 6702, 7721, 8453, 8588]

	160
[116, 256, 641, 1440, 2070, 3387, 4346]
[254, 1086, 2197, 2326, 2744, 6702, 7719, 8453, 8588]

	161
[105, 256, 638, 1433, 2066, 3368, 4330]
[254, 1084, 2193, 2326, 2743, 6702, 7717, 8453, 8588]

	162
[94, 256, 635, 1426, 2062, 3349, 4314]
[254, 1082, 2189, 2326, 2742, 6702, 7715, 8453, 8588]

	163
[83, 256, 632, 1419, 2058, 3330, 4298]
[254, 1080, 2185, 2326, 2741, 6702, 7713, 8453, 8588]

	164
[72, 256, 629, 1412, 2054, 3311, 4282]
[254, 1078, 2181, 2326, 2740, 6702, 7711, 8453, 8588]

	165
[61, 256, 626, 1405, 2050, 3292, 4266]
[254, 1076, 2177, 2326, 2739, 6702, 7709, 8453, 8588]

	166
[50, 256, 623, 1398, 2046, 3273, 4250]
[254, 1074, 2173, 2326, 2738, 6702, 7707, 8453, 8588]

	167
[39, 256, 620, 1391, 2042, 3254, 4234]
[254, 1072, 2169, 2326, 2737, 6702, 7705, 8453, 8588]

	168
[28, 256, 617, 1384, 2038, 3235, 4218]
[254, 1070, 2165, 2326, 2736, 6702, 7703, 8453, 8588]

	169
[17, 256, 614, 1377, 2034, 3216, 4202]
[254, 1068, 2161, 2326, 2735, 6702, 7701, 8453, 8588]

	170
[6, 256, 611, 1370, 2030, 3197, 4186]
[254, 1066, 2157, 2326, 2734, 6702, 7699, 8453, 8588]

	171
[256, 608, 1363, 2026, 3178, 4170]
[254, 1064, 2153, 2326, 2733, 6702, 7697, 8453, 8588]

	172
[256, 605, 1356, 2022, 3159, 4154]
[254, 1062, 2149, 2326, 2732, 6702, 7695, 8453, 8588]

	173
[256, 602, 1349, 2018, 3140, 4138]
[254, 1060, 2145, 2326, 2731, 6702, 7693, 8453, 8588]

	174
[256, 599, 1342, 2014, 3121, 4122]
[254, 1058, 2141, 2326, 2730, 6702, 7691, 8453, 8588]

	175
[256, 596, 1335, 2010, 3102, 4106]
[254, 1056, 2137, 2326, 2729, 6702, 7689, 8453, 8588]

	176
[256, 593, 1328, 2006, 3083, 4090]
[254, 1054, 2133, 2326, 2728, 6702, 7687, 8453, 8588]

	177
[256, 590, 1321, 2002, 3064, 4074]
[254, 1052, 2129, 2326, 2727, 6702, 7685, 8453, 8588]

	178
[256, 587, 1314, 1998, 3045, 4058]
[254, 1050, 2125, 2326, 2726, 6702, 7683, 8453, 8588]

	179
[256, 584, 1307, 1994, 3026, 4042]
[254, 1048, 2121, 2326, 2725, 6702, 7681, 8453, 8588]

	180
[256, 581, 1300, 1990, 3007, 4026]
[254, 1046, 2117, 2326, 2724, 6702, 7679, 8453, 8588]

	181
[256, 578, 1293, 1986, 2988, 4010]
[254, 1044, 2113, 2326, 2723, 6702, 7677, 8453, 8588]

	182
[256, 575, 1286, 1982, 2969, 3994]
[254, 1042, 2109, 2326, 2722, 6702, 7675, 8453, 8588]

	183
[256, 572, 1279, 1978, 2950, 3978]
[254, 1040, 2105, 2326, 2721, 6702, 7673, 8453, 8588]

	184
[256, 569, 1272, 1974, 2931, 3962]
[254, 1038, 2101, 2326, 2720, 6702, 7671, 8453, 8588]

	185
[256, 566, 1265, 1970, 2912, 3946]
[254, 1036, 2097, 2326, 2719, 6702, 7669, 8453, 8588]

	186
[256, 563, 1258, 1966, 2893, 3930]
[254, 1034, 2093, 2326, 2718, 6702, 7668, 8453, 8588]

	187
[256, 560, 1251, 1962, 2874, 3914]
[254, 1032, 2089, 2326, 2717, 6702, 7667, 8453, 8588]

	188
[256, 557, 1244, 1958, 2855, 3898]
[254, 1030, 2085, 2326, 2716, 6702, 7666, 8453, 8588]

	189
[256, 554, 1237, 1954, 2836, 3882]
[254, 1028, 2081, 2326, 2715, 6702, 7665, 8453, 8588]

	190
[256, 551, 1230, 1950, 2817, 3866]
[254, 1026, 2077, 2326, 2714, 6702, 7664, 8453, 8588]

	191
[256, 548, 1223, 1946, 2798, 3850]
[254, 1024, 2073, 2326, 2713, 6702, 7663, 8453, 8588]

	192
[256, 545, 1216, 1942, 2779, 3834]
[254, 1022, 2069, 2326, 2712, 6702, 7662, 8453, 8588]

	193
[256, 542, 1209, 1938, 2760, 3818]
[254, 1020, 2065, 2326, 2711, 6702, 7661, 8453, 8588]

	194
[256, 539, 1202, 1934, 2741, 3802]
[254, 1018, 2061, 2326, 2710, 6702, 7660, 8453, 8588]

	195
[256, 536, 1195, 1930, 2722, 3786]
[254, 1016, 2057, 2326, 2709, 6702, 7659, 8453, 8588]

	196
[256, 533, 1188, 1926, 2703, 3770]
[254, 1014, 2053, 2326, 2708, 6702, 7658, 8453, 8588]

	197
[256, 530, 1181, 1922, 2684, 3754]
[254, 1012, 2049, 2326, 2707, 6702, 7657, 8453, 8588]

	198
[256, 527, 1174, 1918, 2665, 3738]
[254, 1010, 2045, 2326, 2706, 6702, 7656, 8453, 8588]

	199
[256, 524, 1167, 1914, 2646, 3722]
[254, 1008, 2041, 2326, 2705, 6702, 7655, 8453, 8588]

	200
[256, 521, 1160, 1910, 2627, 3706]
[254, 1006, 2037, 2326, 2704, 6702, 7654, 8453, 8588]

	201
[256, 518, 1153, 1906, 2608, 3690]
[254, 1004, 2033, 2326, 2703, 6702, 7653, 8453, 8588]

	202
[256, 515, 1146, 1902, 2589, 3674]
[254, 1002, 2029, 2326, 2702, 6702, 7652, 8453, 8588]

	203
[256, 512, 1139, 1898, 2570, 3658]
[254, 1000, 2025, 2326, 2701, 6702, 7651, 8453, 8588]

	204
[256, 509, 1132, 1894, 2551, 3642]
[254, 998, 2021, 2326, 2700, 6702, 7650, 8453, 8588]

	205
[256, 506, 1125, 1890, 2532, 3626]
[254, 996, 2017, 2326, 2699, 6702, 7649, 8453, 8588]

	206
[256, 503, 1118, 1886, 2513, 3610]
[254, 994, 2013, 2326, 2698, 6702, 7648, 8453, 8588]

	207
[256, 500, 1111, 1882, 2494, 3594]
[254, 992, 2009, 2326, 2697, 6702, 7647, 8453, 8588]

	208
[256, 497, 1104, 1878, 2475, 3578]
[254, 990, 2005, 2326, 2696, 6702, 7646, 8453, 8588]

	209
[256, 494, 1097, 1874, 2456, 3562]
[254, 988, 2001, 2326, 2695, 6702, 7645, 8453, 8588]

	210
[256, 491, 1090, 1870, 2437, 3546]
[254, 986, 1997, 2326, 2694, 6702, 7644, 8453, 8588]

	211
[256, 488, 1083, 1866, 2418, 3530]
[254, 984, 1993, 2326, 2693, 6702, 7643, 8453, 8588]

	212
[256, 485, 1076, 1862, 2399, 3514]
[254, 982, 1989, 2326, 2692, 6702, 7642, 8453, 8588]

	213
[256, 482, 1069, 1858, 2380, 3498]
[254, 980, 1985, 2326, 2691, 6702, 7641, 8453, 8588]

	214
[256, 479, 1062, 1854, 2361, 3482]
[254, 978, 1981, 2326, 2690, 6702, 7640, 8453, 8588]

	215
[256, 476, 1055, 1850, 2342, 3466]
[254, 976, 1977, 2326, 2689, 6702, 7639, 8453, 8588]

	216
[256, 473, 1048, 1846, 2323, 3450]
[254, 974, 1973, 2326, 2688, 6702, 7638, 8453, 8588]

	217
[256, 470, 1041, 1842, 2304, 3434]
[254, 972, 1969, 2326, 2687, 6702, 7637, 8453, 8588]

	218
[256, 467, 1034, 1838, 2285, 3418]
[254, 970, 1965, 2326, 2686, 6702, 7636, 8453, 8588]

	219
[256, 464, 1027, 1834, 2266, 3402]
[254, 968, 1961, 2326, 2685, 6702, 7635, 8453, 8588]

	220
[256, 461, 1020, 1830, 2247, 3386]
[254, 966, 1957, 2326, 2684, 6702, 7634, 8453, 8588]

	221
[256, 458, 1013, 1826, 2228, 3370]
[254, 964, 1953, 2326, 2683, 6702, 7633, 8453, 8588]

	222
[256, 455, 1006, 1822, 2209, 3354]
[254, 962, 1949, 2326, 2682, 6702, 7632, 8453, 8588]

	223
[256, 452, 999, 1818, 2190, 3338]
[254, 960, 1945, 2326, 2681, 6702, 7631, 8453, 8588]

	224
[256, 449, 992, 1814, 2171, 3322]
[254, 958, 1941, 2326, 2680, 6702, 7630, 8453, 8588]

	225
[256, 446, 985, 1810, 2152, 3306]
[254, 956, 1937, 2326, 2679, 6702, 7629, 8453, 8588]

	226
[256, 443, 978, 1802, 2133, 3298]
[254, 954, 1933, 2326, 2678, 6702, 7628, 8453, 8588]

	227
[256, 440, 971, 1794, 2114, 3290]
[254, 952, 1929, 2326, 2677, 6702, 7627, 8453, 8588]

	228
[256, 437, 964, 1786, 2095, 3282]
[254, 950, 1925, 2326, 2676, 6702, 7626, 8453, 8588]

	229
[256, 434, 957, 1778, 2076, 3275]
[254, 948, 1921, 2326, 2675, 6702, 7625, 8453, 8588]

	230
[256, 431, 950, 1770, 2057, 3268]
[254, 946, 1917, 2326, 2674, 6702, 7624, 8453, 8588]

	231
[256, 428, 943, 1762, 2038, 3261]
[254, 944, 1913, 2326, 2673, 6702, 7623, 8453, 8588]

	232
[256, 425, 936, 1754, 2019, 3254]
[254, 942, 1909, 2326, 2672, 6702, 7622, 8453, 8588]

	233
[256, 422, 929, 1746, 2000, 3247]
[254, 940, 1905, 2326, 2671, 6702, 7621, 8453, 8588]

	234
[256, 419, 922, 1738, 1981, 3240]
[254, 938, 1901, 2326, 2670, 6702, 7620, 8453, 8588]

	235
[256, 416, 915, 1730, 1962, 3233]
[254, 936, 1897, 2326, 2669, 6702, 7619, 8453, 8588]

	236
[256, 413, 908, 1722, 1943, 3226]
[254, 934, 1893, 2326, 2668, 6702, 7618, 8453, 8588]

	237
[256, 410, 901, 1714, 1924, 3219]
[254, 932, 1889, 2326, 2667, 6702, 7617, 8453, 8588]

	238
[256, 407, 894, 1706, 1905, 3212]
[254, 930, 1885, 2326, 2666, 6702, 7616, 8453, 8588]

	239
[256, 404, 887, 1698, 1886, 3205]
[254, 929, 1881, 2326, 2665, 6702, 7615, 8453, 8588]

	240
[256, 401, 880, 1690, 1867, 3198]
[254, 928, 1877, 2326, 2664, 6702, 7614, 8453, 8588]

	241
[256, 398, 873, 1682, 1848, 3191]
[254, 927, 1873, 2326, 2663, 6702, 7613, 8453, 8588]

	242
[256, 395, 866, 1674, 1829, 3184]
[254, 926, 1869, 2326, 2662, 6702, 7612, 8453, 8588]

	243
[256, 392, 859, 1666, 1810, 3177]
[254, 925, 1865, 2326, 2661, 6702, 7611, 8453, 8588]

	244
[256, 389, 852, 1658, 1791, 3170]
[254, 924, 1861, 2326, 2660, 6702, 7610, 8453, 8588]

	245
[256, 386, 845, 1650, 1772, 3163]
[254, 923, 1857, 2326, 2659, 6702, 7609, 8453, 8588]

	246
[256, 383, 838, 1642, 1753, 3156]
[254, 922, 1853, 2326, 2658, 6702, 7608, 8453, 8588]

	247
[256, 380, 831, 1634, 1734, 3149]
[254, 921, 1849, 2326, 2657, 6702, 7607, 8453, 8588]

	248
[256, 377, 824, 1626, 1715, 3142]
[254, 920, 1845, 2326, 2656, 6702, 7606, 8453, 8588]

	249
[256, 374, 817, 1618, 1696, 3135]
[254, 919, 1841, 2326, 2655, 6702, 7605, 8453, 8588]

	250
[256, 371, 810, 1610, 1677, 3128]
[254, 918, 1837, 2326, 2654, 6702, 7604, 8453, 8588]

	251
[256, 368, 803, 1602, 1658, 3121]
[254, 917, 1833, 2326, 2653, 6702, 7603, 8453, 8588]

	252
[256, 365, 796, 1594, 1639, 3114]
[254, 916, 1829, 2326, 2652, 6702, 7602, 8453, 8588]

	253
[256, 362, 789, 1586, 1620, 3107]
[254, 915, 1825, 2326, 2652, 6702, 7601, 8453, 8588]

	254
[256, 359, 782, 1578, 1601, 3100]
[254, 914, 1821, 2326, 2652, 6702, 7600, 8453, 8588]

	255
[256, 356, 775, 1570, 1582, 3093]
[254, 913, 1817, 2326, 2652, 6702, 7599, 8453, 8588]

	256
[256, 353, 768, 1562, 1563, 3086]
[254, 912, 1813, 2326, 2652, 6702, 7598, 8453, 8588]

	257
[256, 350, 761, 1544, 1554, 3079]
[254, 911, 1809, 2326, 2652, 6702, 7597, 8453, 8588]

	258
[256, 347, 754, 1525, 1546, 3072]
[254, 910, 1805, 2326, 2652, 6702, 7596, 8453, 8588]

	259
[256, 344, 747, 1506, 1538, 3065]
[254, 909, 1801, 2326, 2652, 6702, 7595, 8453, 8588]

	260
[256, 341, 740, 1487, 1530, 3058]
[254, 908, 1797, 2326, 2652, 6702, 7594, 8453, 8588]

	261
[256, 338, 733, 1468, 1522, 3051]
[254, 907, 1793, 2326, 2652, 6702, 7593, 8453, 8588]

	262
[256, 335, 726, 1449, 1514, 3044]
[254, 906, 1789, 2326, 2652, 6702, 7592, 8453, 8588]

	263
[256, 332, 719, 1430, 1506, 3037]
[254, 905, 1785, 2326, 2652, 6702, 7591, 8453, 8588]

	264
[256, 329, 712, 1411, 1498, 3030]
[254, 904, 1781, 2326, 2652, 6702, 7590, 8453, 8588]

	265
[256, 326, 705, 1392, 1490, 3023]
[254, 903, 1777, 2326, 2652, 6702, 7589, 8453, 8588]

	266
[256, 323, 698, 1373, 1482, 3016]
[254, 902, 1773, 2326, 2652, 6702, 7588, 8453, 8588]

	267
[256, 320, 691, 1354, 1474, 3009]
[254, 901, 1769, 2326, 2652, 6702, 7587, 8453, 8588]

	268
[256, 317, 684, 1335, 1466, 3002]
[254, 900, 1765, 2326, 2652, 6702, 7586, 8453, 8588]

	269
[256, 314, 677, 1316, 1458, 2995]
[254, 899, 1761, 2326, 2652, 6702, 7585, 8453, 8588]

	270
[256, 311, 670, 1297, 1450, 2988]
[254, 898, 1757, 2326, 2652, 6702, 7584, 8453, 8588]

	271
[256, 308, 663, 1278, 1442, 2981]
[254, 897, 1753, 2326, 2652, 6702, 7583, 8453, 8588]

	272
[256, 305, 656, 1259, 1434, 2974]
[254, 896, 1749, 2326, 2652, 6702, 7582, 8453, 8588]

	273
[256, 302, 649, 1240, 1426, 2967]
[254, 895, 1745, 2326, 2652, 6702, 7581, 8453, 8588]

	274
[256, 299, 642, 1221, 1418, 2960]
[254, 894, 1741, 2326, 2652, 6702, 7580, 8453, 8588]

	275
[256, 296, 635, 1202, 1410, 2953]
[254, 893, 1737, 2326, 2652, 6702, 7579, 8453, 8588]

	276
[256, 293, 628, 1183, 1402, 2946]
[254, 892, 1733, 2326, 2652, 6702, 7578, 8453, 8588]

	277
[256, 290, 621, 1164, 1394, 2939]
[254, 891, 1729, 2326, 2652, 6702, 7577, 8453, 8588]

	278
[256, 287, 614, 1145, 1386, 2932]
[254, 890, 1725, 2326, 2652, 6702, 7576, 8453, 8588]

	279
[256, 284, 607, 1126, 1378, 2925]
[254, 889, 1721, 2326, 2652, 6702, 7575, 8453, 8588]

	280
[256, 281, 600, 1107, 1370, 2918]
[254, 888, 1717, 2326, 2652, 6702, 7574, 8453, 8588]

	281
[256, 278, 593, 1088, 1362, 2911]
[254, 887, 1713, 2326, 2652, 6702, 7573, 8453, 8588]

	282
[256, 275, 586, 1069, 1354, 2904]
[254, 886, 1709, 2326, 2652, 6702, 7572, 8453, 8588]

	283
[256, 272, 579, 1050, 1346, 2897]
[254, 885, 1705, 2326, 2652, 6702, 7571, 8453, 8588]

	284
[256, 269, 572, 1031, 1338, 2890]
[254, 884, 1701, 2326, 2652, 6702, 7570, 8453, 8588]

	285
[256, 266, 565, 1012, 1330, 2883]
[254, 883, 1697, 2326, 2652, 6702, 7569, 8453, 8588]

	286
[256, 263, 558, 993, 1322, 2876]
[254, 882, 1693, 2326, 2652, 6702, 7568, 8453, 8588]

	287
[256, 260, 551, 974, 1314, 2869]
[254, 881, 1689, 2326, 2652, 6702, 7567, 8453, 8588]

	288
[256, 257, 544, 955, 1306, 2862]
[254, 880, 1685, 2326, 2652, 6702, 7566, 8453, 8588]

	289
[254, 256, 537, 936, 1298, 2855]
[254, 879, 1681, 2326, 2652, 6702, 7565, 8453, 8588]

	290
[251, 256, 530, 917, 1290, 2848]
[254, 878, 1677, 2326, 2652, 6702, 7564, 8453, 8588]

	291
[248, 256, 523, 898, 1282, 2841]
[254, 877, 1673, 2326, 2652, 6702, 7563, 8453, 8588]

	292
[245, 256, 516, 879, 1274, 2834]
[254, 876, 1669, 2326, 2652, 6702, 7562, 8453, 8588]

	293
[242, 256, 509, 860, 1266, 2827]
[254, 875, 1665, 2326, 2652, 6702, 7561, 8453, 8588]

	294
[239, 256, 502, 841, 1258, 2820]
[254, 874, 1661, 2326, 2652, 6702, 7560, 8453, 8588]

	295
[236, 256, 495, 822, 1250, 2813]
[254, 873, 1657, 2326, 2652, 6702, 7559, 8453, 8588]

	296
[233, 256, 488, 803, 1242, 2806]
[254, 872, 1653, 2326, 2652, 6702, 7558, 8453, 8588]

	297
[230, 256, 481, 784, 1234, 2799]
[254, 871, 1649, 2326, 2652, 6702, 7557, 8453, 8588]

	298
[227, 256, 474, 765, 1226, 2792]
[254, 870, 1645, 2326, 2652, 6702, 7556, 8453, 8588]

	299
[224, 256, 467, 746, 1218, 2785]
[254, 869, 1641, 2326, 2652, 6702, 7555, 8453, 8588]

	300
[221, 256, 461, 727, 1210, 2778]
[254, 868, 1637, 2326, 2652, 6702, 7554, 8453, 8588]

	301
[218, 256, 455, 708, 1202, 2771]
[254, 867, 1633, 2326, 2652, 6702, 7553, 8453, 8588]

	302
[215, 256, 449, 689, 1194, 2764]
[254, 866, 1629, 2326, 2652, 6702, 7552, 8453, 8588]

	303
[212, 256, 443, 670, 1186, 2757]
[254, 865, 1625, 2326, 2652, 6702, 7551, 8453, 8588]

	304
[209, 256, 437, 651, 1178, 2750]
[254, 864, 1621, 2326, 2652, 6702, 7550, 8453, 8588]

	305
[206, 256, 431, 632, 1170, 2743]
[254, 863, 1617, 2326, 2652, 6702, 7549, 8453, 8588]

	306
[203, 256, 425, 613, 1162, 2736]
[254, 862, 1613, 2326, 2652, 6702, 7548, 8453, 8588]

	307
[200, 256, 419, 594, 1154, 2729]
[254, 861, 1609, 2326, 2652, 6702, 7547, 8453, 8588]

	308
[197, 256, 413, 575, 1146, 2722]
[254, 860, 1605, 2326, 2652, 6702, 7546, 8453, 8588]

	309
[194, 256, 407, 556, 1138, 2715]
[254, 859, 1601, 2326, 2652, 6702, 7545, 8453, 8588]

	310
[191, 256, 401, 537, 1130, 2708]
[254, 858, 1597, 2326, 2652, 6702, 7544, 8453, 8588]

	311
[188, 256, 395, 518, 1122, 2701]
[254, 857, 1593, 2326, 2652, 6702, 7543, 8453, 8588]

	312
[185, 256, 389, 499, 1114, 2694]
[254, 856, 1589, 2326, 2652, 6702, 7542, 8453, 8588]

	313
[182, 256, 383, 480, 1106, 2687]
[254, 855, 1585, 2326, 2652, 6702, 7541, 8453, 8588]

	314
[179, 256, 377, 461, 1098, 2680]
[254, 854, 1581, 2326, 2652, 6702, 7540, 8453, 8588]

	315
[176, 256, 371, 442, 1090, 2673]
[254, 853, 1577, 2326, 2652, 6702, 7539, 8453, 8588]

	316
[173, 256, 365, 423, 1082, 2666]
[254, 852, 1573, 2326, 2652, 6702, 7538, 8453, 8588]

	317
[170, 256, 359, 404, 1074, 2659]
[254, 851, 1569, 2326, 2652, 6702, 7537, 8453, 8588]

	318
[167, 256, 353, 385, 1066, 2652]
[254, 850, 1565, 2326, 2652, 6702, 7536, 8453, 8588]

	319
[164, 256, 347, 366, 1058, 2645]
[254, 849, 1561, 2326, 2652, 6702, 7535, 8453, 8588]

	320
[161, 256, 341, 347, 1050, 2638]
[254, 848, 1557, 2326, 2652, 6702, 7534, 8453, 8588]

	321
[158, 256, 328, 335, 1042, 2631]
[254, 847, 1553, 2326, 2652, 6702, 7533, 8453, 8588]

	322
[155, 256, 309, 329, 1034, 2624]
[254, 846, 1549, 2326, 2652, 6702, 7532, 8453, 8588]

	323
[152, 256, 290, 323, 1026, 2617]
[254, 845, 1545, 2326, 2652, 6702, 7531, 8453, 8588]

	324
[149, 256, 271, 317, 1018, 2610]
[254, 844, 1541, 2326, 2652, 6702, 7530, 8453, 8588]

	325
[146, 252, 256, 311, 1010, 2603]
[254, 843, 1537, 2326, 2652, 6702, 7529, 8453, 8588]

	326
[143, 233, 256, 305, 1002, 2596]
[254, 842, 1533, 2326, 2652, 6702, 7528, 8453, 8588]

	327
[140, 214, 256, 299, 994, 2589]
[254, 841, 1529, 2326, 2652, 6702, 7527, 8453, 8588]

	328
[137, 195, 256, 293, 986, 2582]
[254, 840, 1525, 2326, 2652, 6702, 7526, 8453, 8588]

	329
[134, 176, 256, 287, 978, 2575]
[254, 839, 1521, 2326, 2652, 6702, 7525, 8453, 8588]

	330
[131, 157, 256, 281, 970, 2568]
[254, 838, 1517, 2326, 2652, 6702, 7524, 8453, 8588]

	331
[128, 138, 256, 275, 962, 2561]
[254, 837, 1513, 2326, 2652, 6702, 7523, 8453, 8588]

	332
[119, 125, 256, 269, 954, 2554]
[254, 836, 1509, 2326, 2652, 6702, 7522, 8453, 8588]

	333
[100, 122, 256, 263, 946, 2547]
[254, 835, 1505, 2326, 2652, 6702, 7521, 8453, 8588]

	334
[81, 119, 256, 257, 938, 2540]
[254, 834, 1501, 2326, 2652, 6702, 7520, 8453, 8588]

	335
[62, 116, 251, 256, 930, 2533]
[254, 833, 1497, 2326, 2652, 6702, 7519, 8453, 8588]

	336
[43, 113, 245, 256, 922, 2526]
[254, 832, 1493, 2326, 2652, 6702, 7518, 8453, 8588]

	337
[24, 110, 239, 256, 914, 2519]
[254, 831, 1489, 2326, 2652, 6702, 7517, 8453, 8588]

	338
[5, 107, 233, 256, 906, 2512]
[254, 830, 1485, 2326, 2652, 6702, 7516, 8453, 8588]

	339
[104, 227, 256, 898, 2505]
[254, 829, 1481, 2326, 2652, 6702, 7515, 8453, 8588]

	340
[101, 220, 256, 894, 2490]
[254, 828, 1477, 2326, 2652, 6702, 7514, 8453, 8588]

	341
[98, 213, 256, 890, 2475]
[254, 827, 1473, 2326, 2652, 6702, 7513, 8453, 8588]

	342
[95, 206, 256, 886, 2460]
[254, 826, 1469, 2326, 2652, 6702, 7512, 8453, 8588]

	343
[92, 199, 256, 882, 2445]
[254, 825, 1465, 2326, 2652, 6702, 7511, 8453, 8588]

	344
[89, 192, 256, 878, 2430]
[254, 824, 1461, 2326, 2652, 6702, 7510, 8453, 8588]

	345
[86, 185, 256, 874, 2415]
[254, 823, 1457, 2326, 2652, 6702, 7509, 8453, 8588]

	346
[83, 178, 256, 870, 2400]
[254, 822, 1453, 2326, 2652, 6702, 7508, 8453, 8588]

	347
[80, 171, 256, 866, 2385]
[254, 821, 1449, 2326, 2652, 6702, 7507, 8453, 8588]

	348
[77, 164, 256, 862, 2370]
[254, 820, 1445, 2326, 2652, 6702, 7506, 8453, 8588]

	349
[74, 157, 256, 858, 2355]
[254, 819, 1441, 2326, 2652, 6702, 7505, 8453, 8588]

	350
[71, 150, 256, 854, 2340]
[254, 819, 1437, 2326, 2652, 6702, 7504, 8453, 8588]

	351
[68, 143, 256, 850, 2325]
[254, 819, 1433, 2326, 2652, 6702, 7503, 8453, 8588]

	352
[65, 136, 256, 846, 2310]
[254, 819, 1429, 2326, 2652, 6702, 7502, 8453, 8588]

	353
[62, 129, 256, 842, 2295]
[254, 819, 1425, 2326, 2652, 6702, 7501, 8453, 8588]

	354
[59, 122, 256, 838, 2280]
[254, 819, 1421, 2326, 2652, 6702, 7500, 8453, 8588]

	355
[56, 115, 256, 834, 2265]
[254, 819, 1417, 2326, 2652, 6702, 7499, 8453, 8588]

	356
[53, 108, 256, 830, 2250]
[254, 819, 1413, 2326, 2652, 6702, 7498, 8453, 8588]

	357
[50, 101, 256, 826, 2235]
[254, 819, 1409, 2326, 2652, 6702, 7497, 8453, 8588]

	358
[47, 94, 256, 822, 2220]
[254, 819, 1405, 2326, 2652, 6702, 7496, 8453, 8588]

	359
[44, 87, 256, 818, 2205]
[254, 819, 1401, 2326, 2652, 6702, 7495, 8453, 8588]

	360
[41, 80, 256, 814, 2190]
[254, 819, 1397, 2326, 2652, 6702, 7494, 8453, 8588]

	361
[38, 73, 256, 810, 2175]
[254, 819, 1393, 2326, 2652, 6702, 7493, 8453, 8588]

	362
[35, 66, 256, 806, 2160]
[254, 819, 1389, 2326, 2652, 6702, 7492, 8453, 8588]

	363
[32, 59, 256, 802, 2145]
[254, 819, 1385, 2326, 2652, 6702, 7491, 8453, 8588]

	364
[29, 52, 256, 798, 2130]
[254, 819, 1381, 2326, 2652, 6702, 7490, 8453, 8588]

	365
[26, 45, 256, 794, 2115]
[254, 819, 1377, 2326, 2652, 6702, 7489, 8453, 8588]

	366
[23, 38, 256, 790, 2100]
[254, 819, 1373, 2326, 2652, 6702, 7488, 8453, 8588]

	367
[20, 31, 256, 786, 2085]
[254, 819, 1369, 2326, 2652, 6702, 7487, 8453, 8588]

	368
[17, 24, 256, 782, 2070]
[254, 819, 1365, 2326, 2652, 6702, 7486, 8453, 8588]

	369
[14, 17, 256, 778, 2055]
[254, 819, 1361, 2326, 2652, 6702, 7485, 8453, 8588]

	370
[10, 11, 256, 774, 2040]
[254, 819, 1357, 2326, 2652, 6702, 7484, 8453, 8588]

	371
[4, 256, 770, 2025]
[254, 819, 1353, 2326, 2652, 6702, 7483, 8453, 8588]

	372
[256, 766, 2010]
[254, 819, 1349, 2326, 2652, 6702, 7482, 8453, 8588]

	373
[256, 762, 1995]
[254, 819, 1345, 2326, 2652, 6702, 7481, 8453, 8588]

	374
[256, 758, 1980]
[254, 819, 1341, 2326, 2652, 6702, 7480, 8453, 8588]

	375
[256, 754, 1965]
[254, 819, 1337, 2326, 2652, 6702, 7479, 8453, 8588]

	376
[256, 750, 1950]
[254, 819, 1333, 2326, 2652, 6702, 7479, 8453, 8588]

	377
[256, 746, 1935]
[254, 819, 1329, 2326, 2652, 6702, 7479, 8453, 8588]

	378
[256, 742, 1920]
[254, 819, 1325, 2326, 2652, 6702, 7479, 8453, 8588]

	379
[256, 738, 1905]
[254, 819, 1321, 2326, 2652, 6702, 7479, 8453, 8588]

	380
[256, 734, 1890]
[254, 819, 1317, 2326, 2652, 6702, 7479, 8453, 8588]

	381
[256, 730, 1875]
[254, 819, 1313, 2326, 2652, 6702, 7479, 8453, 8588]

	382
[256, 726, 1860]
[254, 819, 1309, 2326, 2652, 6702, 7479, 8453, 8588]

	383
[256, 722, 1845]
[254, 819, 1305, 2326, 2652, 6702, 7479, 8453, 8588]

	384
[256, 718, 1830]
[254, 819, 1301, 2326, 2652, 6702, 7479, 8453, 8588]

	385
[256, 714, 1815]
[254, 819, 1297, 2326, 2652, 6702, 7479, 8453, 8588]

	386
[256, 710, 1800]
[254, 819, 1293, 2326, 2652, 6702, 7479, 8453, 8588]

	387
[256, 706, 1785]
[254, 819, 1289, 2326, 2652, 6702, 7479, 8453, 8588]

	388
[256, 702, 1770]
[254, 819, 1285, 2326, 2652, 6702, 7479, 8453, 8588]

	389
[256, 698, 1755]
[254, 819, 1281, 2326, 2652, 6702, 7479, 8453, 8588]

	390
[256, 694, 1740]
[254, 819, 1277, 2326, 2652, 6702, 7479, 8453, 8588]

	391
[256, 690, 1725]
[254, 819, 1273, 2326, 2652, 6702, 7479, 8453, 8588]

	392
[256, 686, 1710]
[254, 819, 1269, 2326, 2652, 6702, 7479, 8453, 8588]

	393
[256, 682, 1695]
[254, 819, 1265, 2326, 2652, 6702, 7479, 8453, 8588]

	394
[256, 678, 1680]
[254, 819, 1261, 2326, 2652, 6702, 7479, 8453, 8588]

	395
[256, 674, 1665]
[254, 819, 1257, 2326, 2652, 6702, 7479, 8453, 8588]

	396
[256, 670, 1650]
[254, 819, 1253, 2326, 2652, 6702, 7479, 8453, 8588]

	397
[256, 666, 1635]
[254, 819, 1249, 2326, 2652, 6702, 7479, 8453, 8588]

	398
[256, 662, 1620]
[254, 819, 1245, 2326, 2652, 6702, 7479, 8453, 8588]

	399
[256, 658, 1605]
[254, 819, 1241, 2326, 2652, 6702, 7479, 8453, 8588]

	400
[256, 654, 1590]
[254, 819, 1237, 2326, 2652, 6702, 7479, 8453, 8588]

	401
[256, 650, 1575]
[254, 819, 1233, 2326, 2652, 6702, 7479, 8453, 8588]

	402
[256, 646, 1560]
[254, 819, 1229, 2326, 2652, 6702, 7479, 8453, 8588]

	403
[256, 642, 1545]
[254, 819, 1225, 2326, 2652, 6702, 7479, 8453, 8588]

	404
[256, 638, 1530]
[254, 819, 1221, 2326, 2652, 6702, 7479, 8453, 8588]

	405
[256, 634, 1515]
[254, 819, 1217, 2326, 2652, 6702, 7479, 8453, 8588]

	406
[256, 630, 1500]
[254, 819, 1213, 2326, 2652, 6702, 7479, 8453, 8588]

	407
[256, 626, 1485]
[254, 819, 1209, 2326, 2652, 6702, 7479, 8453, 8588]

	408
[256, 622, 1470]
[254, 819, 1205, 2326, 2652, 6702, 7479, 8453, 8588]

	409
[256, 618, 1455]
[254, 819, 1201, 2326, 2652, 6702, 7479, 8453, 8588]

	410
[256, 614, 1440]
[254, 819, 1197, 2326, 2652, 6702, 7479, 8453, 8588]

	411
[256, 610, 1425]
[254, 819, 1193, 2326, 2652, 6702, 7479, 8453, 8588]

	412
[256, 606, 1410]
[254, 819, 1189, 2326, 2652, 6702, 7479, 8453, 8588]

	413
[256, 602, 1395]
[254, 819, 1185, 2326, 2652, 6702, 7479, 8453, 8588]

	414
[256, 598, 1380]
[254, 819, 1181, 2326, 2652, 6702, 7479, 8453, 8588]

	415
[256, 594, 1365]
[254, 819, 1177, 2326, 2652, 6702, 7479, 8453, 8588]

	416
[256, 590, 1350]
[254, 819, 1173, 2326, 2652, 6702, 7479, 8453, 8588]

	417
[256, 586, 1335]
[254, 819, 1169, 2326, 2652, 6702, 7479, 8453, 8588]

	418
[256, 582, 1320]
[254, 819, 1165, 2326, 2652, 6702, 7479, 8453, 8588]

	419
[256, 578, 1305]
[254, 819, 1161, 2326, 2652, 6702, 7479, 8453, 8588]

	420
[256, 574, 1290]
[254, 819, 1157, 2326, 2652, 6702, 7479, 8453, 8588]

	421
[256, 570, 1275]
[254, 819, 1153, 2326, 2652, 6702, 7479, 8453, 8588]

	422
[256, 566, 1260]
[254, 819, 1149, 2326, 2652, 6702, 7479, 8453, 8588]

	423
[256, 562, 1245]
[254, 819, 1145, 2326, 2652, 6702, 7479, 8453, 8588]

	424
[256, 558, 1230]
[254, 819, 1141, 2326, 2652, 6702, 7479, 8453, 8588]

	425
[256, 554, 1215]
[254, 819, 1137, 2326, 2652, 6702, 7479, 8453, 8588]

	426
[256, 550, 1200]
[254, 819, 1133, 2326, 2652, 6702, 7479, 8453, 8588]

	427
[256, 546, 1185]
[254, 819, 1129, 2326, 2652, 6702, 7479, 8453, 8588]

	428
[256, 542, 1170]
[254, 819, 1125, 2326, 2652, 6702, 7479, 8453, 8588]

	429
[256, 538, 1155]
[254, 819, 1121, 2326, 2652, 6702, 7479, 8453, 8588]

	430
[256, 534, 1140]
[254, 819, 1117, 2326, 2652, 6702, 7479, 8453, 8588]

	431
[256, 530, 1125]
[254, 819, 1113, 2326, 2652, 6702, 7479, 8453, 8588]

	432
[256, 526, 1110]
[254, 819, 1109, 2326, 2652, 6702, 7479, 8453, 8588]

	433
[256, 522, 1095]
[254, 819, 1105, 2326, 2652, 6702, 7479, 8453, 8588]

	434
[256, 518, 1080]
[254, 819, 1101, 2326, 2652, 6702, 7479, 8453, 8588]

	435
[256, 514, 1065]
[254, 819, 1097, 2326, 2652, 6702, 7479, 8453, 8588]

	436
[256, 510, 1050]
[254, 819, 1093, 2326, 2652, 6702, 7479, 8453, 8588]

	437
[256, 506, 1035]
[254, 819, 1089, 2326, 2652, 6702, 7479, 8453, 8588]

	438
[256, 502, 1020]
[254, 819, 1085, 2326, 2652, 6702, 7479, 8453, 8588]

	439
[256, 498, 1005]
[254, 819, 1081, 2326, 2652, 6702, 7479, 8453, 8588]

	440
[256, 494, 990]
[254, 819, 1077, 2326, 2652, 6702, 7479, 8453, 8588]

	441
[256, 490, 975]
[254, 819, 1073, 2326, 2652, 6702, 7479, 8453, 8588]

	442
[256, 486, 960]
[254, 819, 1069, 2326, 2652, 6702, 7479, 8453, 8588]

	443
[256, 482, 945]
[254, 819, 1065, 2326, 2652, 6702, 7479, 8453, 8588]

	444
[256, 478, 930]
[254, 819, 1061, 2326, 2652, 6702, 7479, 8453, 8588]

	445
[256, 474, 915]
[254, 819, 1057, 2326, 2652, 6702, 7479, 8453, 8588]

	446
[256, 470, 900]
[254, 819, 1053, 2326, 2652, 6702, 7479, 8453, 8588]

	447
[256, 466, 885]
[254, 819, 1049, 2326, 2652, 6702, 7479, 8453, 8588]

	448
[256, 462, 870]
[254, 819, 1045, 2326, 2652, 6702, 7479, 8453, 8588]

	449
[256, 458, 855]
[254, 819, 1041, 2326, 2652, 6702, 7479, 8453, 8588]

	450
[256, 454, 840]
[254, 819, 1037, 2326, 2652, 6702, 7479, 8453, 8588]

	451
[256, 450, 825]
[254, 819, 1033, 2326, 2652, 6702, 7479, 8453, 8588]

	452
[256, 446, 810]
[254, 819, 1029, 2326, 2652, 6702, 7479, 8453, 8588]

	453
[256, 442, 795]
[254, 819, 1025, 2326, 2652, 6702, 7479, 8453, 8588]

	454
[256, 438, 780]
[254, 819, 1021, 2326, 2652, 6702, 7479, 8453, 8588]

	455
[256, 434, 765]
[254, 819, 1017, 2326, 2652, 6702, 7479, 8453, 8588]

	456
[256, 430, 750]
[254, 819, 1013, 2326, 2652, 6702, 7479, 8453, 8588]

	457
[256, 426, 735]
[254, 819, 1009, 2326, 2652, 6702, 7479, 8453, 8588]

	458
[256, 422, 720]
[254, 819, 1005, 2326, 2652, 6702, 7479, 8453, 8588]

	459
[256, 418, 705]
[254, 819, 1001, 2326, 2652, 6702, 7479, 8453, 8588]

	460
[256, 414, 690]
[254, 819, 997, 2326, 2652, 6702, 7479, 8453, 8588]

	461
[256, 410, 675]
[254, 819, 993, 2326, 2652, 6702, 7479, 8453, 8588]

	462
[256, 406, 660]
[254, 819, 989, 2326, 2652, 6702, 7479, 8453, 8588]

	463
[256, 402, 645]
[254, 819, 985, 2326, 2652, 6702, 7479, 8453, 8588]

	464
[256, 398, 630]
[254, 819, 981, 2326, 2652, 6702, 7479, 8453, 8588]

	465
[256, 394, 615]
[254, 819, 977, 2326, 2652, 6702, 7479, 8453, 8588]

	466
[256, 390, 600]
[254, 819, 973, 2326, 2652, 6702, 7479, 8453, 8588]

	467
[256, 386, 585]
[254, 819, 969, 2326, 2652, 6702, 7479, 8453, 8588]

	468
[256, 382, 570]
[254, 819, 965, 2326, 2652, 6702, 7479, 8453, 8588]

	469
[256, 378, 555]
[254, 819, 961, 2326, 2652, 6702, 7479, 8453, 8588]

	470
[256, 374, 540]
[254, 819, 957, 2326, 2652, 6702, 7479, 8453, 8588]

	471
[256, 370, 525]
[254, 819, 953, 2326, 2652, 6702, 7479, 8453, 8588]

	472
[256, 366, 510]
[254, 819, 949, 2326, 2652, 6702, 7479, 8453, 8588]

	473
[256, 362, 495]
[254, 819, 945, 2326, 2652, 6702, 7479, 8453, 8588]

	474
[256, 358, 480]
[254, 819, 941, 2326, 2652, 6702, 7479, 8453, 8588]

	475
[256, 354, 465]
[254, 819, 937, 2326, 2652, 6702, 7479, 8453, 8588]

	476
[256, 350, 450]
[254, 819, 933, 2326, 2652, 6702, 7479, 8453, 8588]

	477
[256, 346, 435]
[254, 819, 929, 2326, 2652, 6702, 7479, 8453, 8588]

	478
[256, 342, 420]
[254, 819, 925, 2326, 2652, 6702, 7479, 8453, 8588]

	479
[256, 338, 405]
[254, 819, 921, 2326, 2652, 6702, 7479, 8453, 8588]

	480
[256, 334, 390]
[254, 819, 917, 2326, 2652, 6702, 7479, 8453, 8588]

	481
[256, 330, 375]
[254, 819, 913, 2326, 2652, 6702, 7479, 8453, 8588]

	482
[256, 326, 360]
[254, 819, 909, 2326, 2652, 6702, 7479, 8453, 8588]

	483
[256, 322, 345]
[254, 819, 905, 2326, 2652, 6702, 7479, 8453, 8588]

	484
[256, 318, 330]
[254, 819, 901, 2326, 2652, 6702, 7479, 8453, 8588]

	485
[256, 314, 315]
[254, 819, 897, 2326, 2652, 6702, 7479, 8453, 8588]

	486
[256, 300, 310]
[254, 819, 893, 2326, 2652, 6702, 7479, 8453, 8588]

	487
[256, 285, 306]
[254, 819, 889, 2326, 2652, 6702, 7479, 8453, 8588]

	488
[256, 270, 302]
[254, 819, 885, 2326, 2652, 6702, 7479, 8453, 8588]

	489
[255, 256, 298]
[254, 819, 881, 2326, 2652, 6702, 7479, 8453, 8588]

	490
[240, 256, 294]
[254, 819, 877, 2326, 2652, 6702, 7479, 8453, 8588]

	491
[225, 256, 290]
[254, 819, 873, 2326, 2652, 6702, 7479, 8453, 8588]

	492
[210, 256, 286]
[254, 819, 869, 2326, 2652, 6702, 7479, 8453, 8588]

	493
[195, 256, 282]
[254, 819, 865, 2326, 2652, 6702, 7479, 8453, 8588]

	494
[180, 256, 278]
[254, 819, 861, 2326, 2652, 6702, 7479, 8453, 8588]

	495
[165, 256, 274]
[254, 819, 857, 2326, 2652, 6702, 7479, 8453, 8588]

	496
[150, 256, 270]
[254, 819, 853, 2326, 2652, 6702, 7479, 8453, 8588]

	497
[135, 256, 266]
[254, 819, 849, 2326, 2652, 6702, 7479, 8453, 8588]

	498
[120, 256, 262]
[254, 819, 845, 2326, 2652, 6702, 7479, 8453, 8588]

	499
[105, 256, 258]
[254, 819, 841, 2326, 2652, 6702, 7479, 8453, 8588]

	500
[90, 254, 256]
[254, 819, 837, 2326, 2652, 6702, 7479, 8453, 8588]

	501
[75, 250, 256]
[254, 819, 833, 2326, 2652, 6702, 7479, 8453, 8588]

	502
[60, 246, 256]
[254, 819, 829, 2326, 2652, 6702, 7479, 8453, 8588]

	503
[45, 242, 256]
[254, 819, 825, 2326, 2652, 6702, 7479, 8453, 8588]

	504
[30, 238, 256]
[254, 819, 821, 2326, 2652, 6702, 7479, 8453, 8588]

	505
[15, 234, 256]
[254, 817, 819, 2326, 2652, 6702, 7479, 8453, 8588]

	506
[230, 256]
[254, 813, 819, 2326, 2652, 6702, 7479, 8453, 8588]

	507
[226, 250]
[254, 809, 819, 2326, 2652, 6702, 7479, 8453, 8588]

	508
[222, 244]
[254, 805, 819, 2326, 2652, 6702, 7479, 8453, 8588]

	509
[218, 238]
[254, 801, 819, 2326, 2652, 6702, 7479, 8453, 8588]

	510
[214, 232]
[254, 797, 819, 2326, 2652, 6702, 7479, 8453, 8588]

	511
[210, 226]
[254, 793, 819, 2326, 2652, 6702, 7479, 8453, 8588]

	512
[206, 220]
[254, 790, 819, 2326, 2652, 6702, 7479, 8453, 8588]

	513
[202, 214]
[254, 787, 819, 2326, 2652, 6702, 7479, 8453, 8588]

	514
[198, 208]
[254, 784, 819, 2326, 2652, 6702, 7479, 8453, 8588]

	515
[194, 202]
[254, 781, 819, 2326, 2652, 6702, 7479, 8453, 8588]

	516
[190, 196]
[254, 778, 819, 2326, 2652, 6702, 7479, 8453, 8588]

	517
[186, 190]
[254, 775, 819, 2326, 2652, 6702, 7479, 8453, 8588]

	518
[182, 184]
[254, 772, 819, 2326, 2652, 6702, 7479, 8453, 8588]

	519
[178, 178]
[254, 769, 819, 2326, 2652, 6702, 7479, 8453, 8588]

	520
[172, 174]
[254, 766, 819, 2326, 2652, 6702, 7479, 8453, 8588]

	521
[166, 170]
[254, 763, 819, 2326, 2652, 6702, 7479, 8453, 8588]

	522
[160, 166]
[254, 761, 819, 2326, 2652, 6702, 7479, 8453, 8588]

	523
[154, 162]
[254, 759, 819, 2326, 2652, 6702, 7479, 8453, 8588]

	524
[148, 158]
[254, 757, 819, 2326, 2652, 6702, 7479, 8453, 8588]

	525
[142, 154]
[254, 755, 819, 2326, 2652, 6702, 7479, 8453, 8588]

	526
[136, 150]
[254, 753, 819, 2326, 2652, 6702, 7479, 8453, 8588]

	527
[130, 146]
[254, 751, 819, 2326, 2652, 6702, 7479, 8453, 8588]

	528
[124, 142]
[254, 749, 819, 2326, 2652, 6702, 7479, 8453, 8588]

	529
[118, 138]
[254, 747, 819, 2326, 2652, 6702, 7479, 8453, 8588]

	530
[112, 134]
[254, 745, 819, 2326, 2652, 6702, 7479, 8453, 8588]

	531
[106, 130]
[254, 744, 819, 2326, 2652, 6702, 7479, 8453, 8588]

	532
[100, 126]
[254, 743, 819, 2326, 2652, 6702, 7479, 8453, 8588]

	533
[94, 122]
[254, 742, 819, 2326, 2652, 6702, 7479, 8453, 8588]

	534
[88, 118]
[254, 741, 819, 2326, 2652, 6702, 7479, 8453, 8588]

	535
[82, 114]
[254, 740, 819, 2326, 2652, 6702, 7479, 8453, 8588]

	536
[76, 110]
[254, 739, 819, 2326, 2652, 6702, 7479, 8453, 8588]

	537
[70, 106]
[254, 738, 819, 2326, 2652, 6702, 7479, 8453, 8588]

	538
[64, 102]
[254, 737, 819, 2326, 2652, 6702, 7479, 8453, 8588]

	539
[58, 98]
[254, 736, 819, 2326, 2652, 6702, 7479, 8453, 8588]

	540
[52, 94]
[254, 735, 819, 2326, 2652, 6702, 7479, 8453, 8588]

	541
[46, 90]
[254, 735, 819, 2326, 2652, 6702, 7479, 8453, 8588]

	542
[40, 86]
[254, 735, 819, 2326, 2652, 6702, 7479, 8453, 8588]

	543
[34, 82]
[254, 735, 819, 2326, 2652, 6702, 7479, 8453, 8588]

	544
[28, 78]
[254, 735, 819, 2326, 2652, 6702, 7479, 8453, 8588]

	545
[22, 74]
[254, 735, 819, 2326, 2652, 6702, 7479, 8453, 8588]

	546
[16, 70]
[254, 735, 819, 2326, 2652, 6702, 7479, 8453, 8588]

	547
[10, 66]
[254, 735, 819, 2326, 2652, 6702, 7479, 8453, 8588]

	548
[4, 62]
[254, 735, 819, 2326, 2652, 6702, 7479, 8453, 8588]

	549
[58]
[254, 735, 819, 2326, 2652, 6702, 7479, 8453, 8588]

	550
[54]
[254, 735, 819, 2326, 2652, 6702, 7479, 8453, 8588]

	551
[50]
[254, 735, 819, 2326, 2652, 6702, 7479, 8453, 8588]

	552
[46]
[254, 735, 819, 2326, 2652, 6702, 7479, 8453, 8588]

	553
[42]
[254, 735, 819, 2326, 2652, 6702, 7479, 8453, 8588]

	554
[38]
[254, 735, 819, 2326, 2652, 6702, 7479, 8453, 8588]

	555
[34]
[254, 735, 819, 2326, 2652, 6702, 7479, 8453, 8588]

	556
[30]
[254, 735, 819, 2326, 2652, 6702, 7479, 8453, 8588]

	557
[26]
[254, 735, 819, 2326, 2652, 6702, 7479, 8453, 8588]

	558
[22]
[254, 735, 819, 2326, 2652, 6702, 7479, 8453, 8588]

	559
[18]
[254, 735, 819, 2326, 2652, 6702, 7479, 8453, 8588]

	560
[14]
[254, 735, 819, 2326, 2652, 6702, 7479, 8453, 8588]

	561
[10]
[254, 735, 819, 2326, 2652, 6702, 7479, 8453, 8588]

	562
[6]
[254, 735, 819, 2326, 2652, 6702, 7479, 8453, 8588]

	563
[2]
[254, 735, 819, 2326, 2652, 6702, 7479, 8453, 8588]

	564
[]
[254, 735, 819, 2326, 2652, 6702, 7479, 8453, 8588]

38008
