#A141481: Square spiral of sums of selected preceding terms, starting at 1..
#Table of n, a(n) for n = 1..961
1 1
2 1
3 2
4 4
5 5
6 10
7 11
8 23
9 25
10 26
11 54
12 57
13 59
14 122
15 133
16 142
17 147
18 304
19 330
20 351
21 362
22 747
23 806
24 880
25 931
26 957
27 1968
28 2105
29 2275
30 2391
31 2450
32 5022
33 5336
34 5733
35 6155
36 6444
37 6591
38 13486
39 14267
40 15252
41 16295
42 17008
43 17370
44 35487
45 37402
46 39835
47 42452
48 45220
49 47108
50 48065
51 98098
52 103128
53 109476
54 116247
55 123363
56 128204
57 130654
58 266330
59 279138
60 295229
61 312453
62 330785
63 349975
64 363010
65 369601
66 752688
67 787032
68 830037
69 875851
70 924406
71 975079
72 1009457
73 1026827
74 2089141
75 2179400
76 2292124
77 2411813
78 2539320
79 2674100
80 2814493
81 2909666
82 2957731
83 6013560
84 6262851
85 6573553
86 6902404
87 7251490
88 7619304
89 8001525
90 8260383
91 8391037
92 17048404
93 17724526
94 18565223
95 19452043
96 20390510
97 21383723
98 22427493
99 23510079
100 24242690
101 24612291
102 49977270
103 51886591
104 54256348
105 56749268
106 59379562
107 62154898
108 65063840
109 68075203
110 70111487
111 71138314
112 144365769
113 149661137
114 156221802
115 163105139
116 170348396
117 177973629
118 186001542
119 194399801
120 203081691
121 208949088
122 211906819
123 429827198
124 445061340
125 463911304
126 483650112
127 504377559
128 526150757
129 549023076
130 572904288
131 597557233
132 614208653
133 622599690
134 1262247784
135 1305411751
136 1358749904
137 1414491696
138 1472899472
139 1534125748
140 1598327474
141 1665648769
142 1735829031
143 1808194091
144 1857049072
145 1881661363
146 3813299996
147 3939776148
148 4095896357
149 4258788564
150 4429173742
151 4607457470
152 4794055770
153 4989349711
154 5192600241
155 5401925245
156 5543175046
157 5614313360
158 11372992489
159 11738157709
160 12188406417
161 12657394495
162 13147069832
163 13658496996
164 14192820563
165 14751195535
166 15334678569
167 15941109149
168 16565046747
169 16985902654
170 17197809473
171 34825446144
172 35912241501
173 37251041343
174 38643664099
175 40095603074
176 41609781502
177 43189332894
178 44837411015
179 46556895612
180 48341565786
181 50175931362
182 51412739705
183 52035339395
184 105332926574
185 108523185799
186 112449595238
187 116528248589
188 120774389661
189 125195906577
190 129801259271
191 134599361262
192 139599166536
193 144808838427
194 150209910621
195 155756815147
196 159495525582
197 161377186945
198 326567673886
199 336202411393
200 348051383894
201 360345844963
202 373129703626
203 386425123402
204 400255810384
205 414646673335
206 429622679057
207 445206554254
208 461344254786
209 477903668437
210 489061156843
211 494675470203
212 1000723932895
213 1029449396453
214 1064748953068
215 1101332911689
216 1139325782433
217 1178788743756
218 1219787131147
219 1262389644241
220 1306668338908
221 1352695322161
222 1400536156626
223 1450028215176
224 1500776974050
225 1534960686177
226 1552158495650
227 3139142437444
228 3227077934562
229 3335066663550
230 3446873610493
231 3562863919009
232 3683212967684
233 3808107685154
234 3937744210565
235 4072327850086
236 4212063722499
237 4357138115259
238 4507068352112
239 4660692362574
240 4764140441674
241 4816175781069
242 9737684488712
243 10003575940480
244 10329881648091
245 10667382677717
246 11017134911205
247 11379633456032
248 11755405011541
249 12145001538651
250 12549001325720
251 12968008691945
252 13402626607529
253 13853402171724
254 14318864423074
255 14795493950748
256 15116366663275
257 15277743850220
258 30882055374326
259 31706202646550
260 32717024115723
261 33761623755973
262 34843150688456
263 35963051360447
264 37122861997859
265 38324189604980
266 39568714767756
267 40858190674402
268 42194364162499
269 43578818639976
270 45007127720042
271 46468768015525
272 47452504642571
273 47947180112774
274 96895084158443
275 99419932957994
276 102514855240410
277 105710386501620
278 109015794148810
279 112435241586688
280 115973143244024
281 119634108763168
282 123422953877464
283 127344707182774
284 131404607000469
285 135607866694432
286 139959208040284
287 144444973915687
288 149032870071564
289 152119989253391
290 153672147749041
291 310483437935526
292 318401816803182
293 328103103838738
294 338112122047343
295 348456926240395
296 359149876737581
297 370204061309428
298 381633126172831
299 393451305918636
300 405673441701786
301 418314971389630
302 431391241579500
303 444916140409445
304 458848041565805
305 473089050151122
306 482669366373865
307 487485542154934
308 984708768798580
309 1009266205008841
310 1039337347086124
311 1070338187352412
312 1102352586589425
313 1135416737634379
314 1169568911013157
315 1204848951019381
316 1241298358895293
317 1278960370451609
318 1317880007076803
319 1358104044548001
320 1399678937750328
321 1442646698295874
322 1486877423332971
323 1532067027797214
324 1562461138310709
325 1577738882160929
326 3186359819696184
327 3264225821567280
328 3359531103703879
329 3457715954222125
330 3559037752782277
331 3663605578587153
332 3771534642633915
333 3882944745597201
334 3997960511967796
335 4116711607014934
336 4239332876619591
337 4365964250096468
338 4496744560618985
339 4631799274994528
340 4770727675372666
341 4912596128143536
342 5007995812898881
343 5055942993011655
344 10208781070181753
345 10453043267410964
346 10751873139767811
347 11059518314467835
348 11376759350358675
349 11703920772595793
350 12041344951575315
351 12389387445169195
352 12748417651053851
353 13118819420877257
354 13500991688937964
355 13895348869815639
356 14302320551550824
357 14722332600201227
358 15155769652228762
359 15601367485469404
360 16056192492543400
361 16361984629545832
362 16515656777294873
363 33341796992525272
364 34124354395013021
365 35081342753590467
366 36065959796279730
367 37080631948406206
368 38126350873431525
369 39204161737718929
370 40315148801938769
371 41460437295339664
372 42641195169132917
373 43858634888142969
374 45114014542813885
375 46408636896192460
376 47743792319747210
377 49120645551873582
378 50535252009964374
379 51978495968644295
380 52948650877173094
381 53436136419328028
382 107856981607454636
383 110338442123416991
384 113371754444310536
385 116490696183757913
386 119702724304785874
387 123010831816362090
388 126418170051599051
389 129928004651265968
390 133543720872193799
391 137268828552560082
392 141106967288983787
393 145061911711060200
394 149137574700435332
395 153338004381029535
396 157667207440408708
397 162128798589834767
398 166710204179275661
399 171382471227544513
400 174522671248016151
401 176100410130177080
402 355387180080050344
403 363415504603474737
404 373225621348442080
405 383307094227935364
406 393683379038643645
407 404363738324235200
408 415357916298238545
409 426676001265056814
410 438328441165255726
411 450326058029835657
412 462680063025437978
413 475402071759168971
414 488504113446504015
415 501998621532213996
416 515897893043200175
417 530213016121710905
418 544904335738125988
419 559880870672180060
420 569944809478090596
421 575000752471102251
422 1160210286012386255
423 1185928053342990627
424 1217341750820351155
425 1249606185541997765
426 1282794336346592086
427 1316934534784014389
428 1352056559858544172
429 1388191213027884475
430 1425370363075682836
431 1463626987592783139
432 1502995216353652211
433 1543510376333283071
434 1585209037443587498
435 1628129039465155188
436 1672309462269136001
437 1717788932007035394
438 1764602261637276960
439 1812621806244835596
440 1861555640144219701
441 1894433281551060406
442 1910948938328355279
443 3855239673649235830
444 3939221481814068996
445 4041768975955197756
446 4147040632900080974
447 4255268567398357377
448 4366541510016474838
449 4480952654576031498
450 4598598315989120721
451 4719578063824118083
452 4843994845090529433
453 4971955112443144983
454 5103568957043234754
455 5238950243370384068
456 5378216687129137623
457 5521489761896950875
458 5668889451778536041
459 5820523845309018292
460 5975986244164800055
461 6134349527429945472
462 6240734314726446594
463 6294170451145774622
464 12696197883899003880
465 12967829444049203535
466 13299396622224385698
467 13639597514975871138
468 13989162689908725461
469 14348366942213631338
470 14717498668386378353
471 15096855674905605462
472 15486745570480664280
473 15887486124556684129
474 16299405641270421797
475 16722843348823025866
476 17158149802523505185
477 17605687293316030252
478 18065830079837903827
479 18538964090249176837
480 19025470300458695973
481 19525691774455350914
482 20038307121110187239
483 20560312673715924983
484 20910935755094118214
485 21087036165224295294
486 42529459510528640932
487 43424362605342343093
488 44516390911374310254
489 45636339131554162435
490 46786555226169183524
491 47967909437759997733
492 49181314471421115123
493 50427712127308645682
494 51708074486037196767
495 53023404986497344964
496 54374739548717874325
497 55763147741532316931
498 57189733989763427895
499 58655638796501314877
500 60162039424523233063
501 61710148955220358139
502 63301164200123395207
503 64936162422655412160
504 66610892438543808804
505 68315718871165181711
506 69460664433114374558
507 70035665185585476809
508 141231540657183339873
509 144152679749009819006
510 147716159839185547043
511 151369035828890886590
512 155118778101599827596
513 158968113158272431836
514 162919898589261582483
515 166977080896932025519
516 171142699032894137002
517 175419887596590487452
518 179811880163612605638
519 184322012743892324059
520 188953727374022846839
521 193710575827264872596
522 198596223366442751283
523 203614450800184077866
524 208769151456097526221
525 214064164455986674171
526 219502944164013006428
527 225071554891953122131
528 230738492751976757517
529 234543874971856173202
530 236454823910184528481
531 476764887494018292792
532 486470297587809952897
533 498306527719228455479
534 510434558809897803205
535 522878636986151439312
536 535647487696466352501
537 548750250428457216214
538 562196342909038843271
539 575995471943428113573
540 590157643168331881810
541 604693171189689674309
542 619612690104266583479
543 634927164417123347284
544 650647900304666103729
545 666786556997062576295
546 683355152897867200834
547 700366055956851706042
548 717831455498104060430
549 735762315115007824249
550 754113385201329016370
551 772782639494631183058
552 785317544260503404274
553 791611714711649178896
554 1595919627307197361672
555 1627877825086291343709
556 1666841249036463936822
557 1706748072617713397193
558 1747676229444822379490
559 1789653356591920607427
560 1832708384892429342579
561 1876871106177934957732
562 1922172206091707605827
563 1968643293461650559698
564 2016316930797958329904
565 2065226665912608461696
566 2115407064705225414544
567 2166893745149887975847
568 2219723412325565415111
569 2273933893788968526027
570 2329564158259514302664
571 2386654284424677526388
572 2445243753620701760514
573 2505368065189983223650
574 2566877620739903454086
575 2629435905333937792577
576 2671433877254256206085
577 2692520913419480501379
578 5427571286349489643690
579 5534612144630584923009
580 5665082357657830217288
581 5798659450306101033070
582 5935598735575198689283
583 6075989539370682032975
584 6219925318506032329355
585 6367502254542522087893
586 6518819355627289045465
587 6673978547227132232878
588 6833084766248384648934
589 6996246058525132185154
590 7163573679805145804305
591 7335182200332942864008
592 7511189612543730839843
593 7691717439719975745922
594 7876890792299842732331
595 8066838267877841897837
596 8261686486939164514008
597 8461549260671528916683
598 8665936536414352281756
599 8873748584904217314834
600 9013244914522917166201
601 9083280579708502643010
602 18307792700074188625893
603 18663212585665967261581
604 19096312965911345967503
605 19539550841328432220142
606 19993754815098108481371
607 20459210742186871627393
608 20936217532036005469308
609 21425082624680471509146
610 21926122303199559254150
611 22439661970725975904123
612 22966036437519073134215
613 23505590218023168551364
614 24058677838304696327900
615 24625664154249876371394
616 25206924680817606842112
617 25802845930811498543857
618 26413825756434222899227
619 27040273523146491177485
620 27682609783222588384305
621 28341248446734541187035
622 29016561438542484073111
623 29706915361158270125961
624 30408652552792287585161
625 30879651251674328286844
626 31116106075584512815325
627 62708977038663043923442
628 63908667047655056697612
629 65370208760456113398780
630 66865420144573049610361
631 68397039868088327308357
632 69966000551580842903375
633 71573276926691917911402
634 73219871007725880323388
635 74906813073006804496446
636 76635162531027603335100
637 78406008817329053004792
638 80220472321791341144390
639 82079705347502420749462
640 83984893102328476783954
641 85937254724047328811262
642 87938044334246924692120
643 89988552100098706175291
644 92090104764451529142597
645 94244064591021492733318
646 96451771746835933634367
647 98714430086646901658044
648 101026643655603365261746
649 103376355554070149027974
650 104953284813042301611144
651 105744896527753950790040
652 213085712682815098941752
653 217101121849920236826029
654 221991760551350189468232
655 226993227698090658145956
656 232114493249189657859461
657 237358570907844114243571
658 242728608878773286573067
659 248227841726435571480805
660 253859593423597643386943
661 259627280029328936510200
662 265534412459680253005629
663 271584599349852470356927
664 277781550011268262563071
665 284129077487035984415158
666 290631101709216663220660
667 297291652760481085137645
668 304114874224855133381447
669 311105026561328293736526
670 318266488757633187326092
671 325603754860868549836644
672 333121244300419138274894
673 340822925891682962745207
674 348690673295011060197955
675 356684063991018734697996
676 362048018781692471405460
677 364740539695111951906839
678 734908650676573393457368
679 748563355020972948525446
680 765190620809610853309433
681 782188974762205369482800
682 799588315305744499422441
683 817398563030996481177769
684 835630076624448394229382
685 854293493736867630679605
686 873399740665543474142318
687 892960040822940417508554
688 912985923492043223435831
689 933489232864043872502797
690 954482137368622535141190
691 975977139307285755994657
692 997987084799967575502813
693 1020525174052564224952586
694 1043604971897127774270682
695 1067240418397025434646772
696 1091445833944142283790948
697 1116235907959630819119476
698 1141625080243655864831923
699 1167626314625645963345196
700 1194179244661487450107987
701 1221149518740623087232032
702 1239246044234854507041243
703 1248329324814563009684253
704 2514966442329200207994399
705 2561020728194648866524883
706 2617088046446300368379860
707 2674387122839206113829086
708 2733016741461544000498102
709 2793009257860157412827008
710 2854398440949478398405080
711 2917218951848381747010927
712 2981506374308297783243531
713 3047297241206903789910950
714 3114629061918348398203438
715 3183540350544616615793140
716 3254070655038463553806619
717 3326260587249041295057277
718 3400151853922413474598683
719 3475787288688292456356046
720 3553210885056355784641242
721 3632467830266747997261811
722 3713604539329551299722828
723 3796668671082654920471653
724 3881709090751154534116104
725 3968773815997589829502211
726 4057905945350082871286444
727 4148901164515707757284410
728 4241305574395758885971740
729 4303301331723017727073909
730 4334417437798602239889234
731 8731543852635867523701910
732 8889277602797770137138289
733 9081265455644544351158123
734 9277409751597228570864876
735 9478042420370346061182374
736 9683270880934588281004467
737 9893207198280949369127601
738 10107966346766948010265766
739 10327666307774372612997002
740 10552428154386132901151936
741 10782376138807496361988274
742 11017637782477644359472556
743 11258343968964267174371200
744 11504629039735889413049006
745 11756630892909767639393684
746 12014491085070390369681020
747 12278354936228783329359693
748 12548371637427580489369701
749 12824694358883152217420907
750 13107480299985461172931189
751 13396890566409965500956918
752 13693083411899051701511075
753 13996200841195372117458839
754 14305557125218087933359703
755 14619631662112954334788861
756 14830329843453750587190045
757 14936074739981504537980085
758 30085235192645824174901922
759 30621166923706313461459743
760 31273345518790398986695756
761 31939431628889760071135973
762 32620531110388390576609622
763 33316997402243515006858610
764 34029199075279322065534709
765 34757514096792375037832152
766 35502330140821181539272967
767 36264044856000543690650915
768 37043066141913150523553687
769 37839812433752012183426443
770 38654712995572813169352070
771 39488208222420969886687226
772 40340749951628490796886115
773 41212801783585224529659578
774 42104839412279777411399330
775 43017350965826441923654948
776 43950837355370258538099013
777 44905812625550088568998275
778 45882804113469009444435905
779 46882352038521980095292650
780 47904986882009093256510706
781 48951184545186806014151864
782 50018607301254528280453275
783 51102079923722351438463570
784 51828868482199155861775869
785 52193609021894267813682708
786 105122126694465109020822784
787 106970339239857767314712437
788 109219001866364924510004684
789 111514944816957713681322363
790 113861912727835274403537037
791 116261088580934220753620047
792 118713705535895410128449639
793 121221027669287722634536395
794 123784350980314582133587700
795 126405004255539933655918177
796 129084349960520460771004880
797 131823785157699488284452062
798 134624742451424197915531880
799 137488690960964150079170524
800 140417137322440025945809184
801 143411626720599843502259240
802 146473743951349503076985321
803 149605114515696220510855361
804 152807405739934516003563763
805 156082327900235314541120959
806 159431634722382743508863306
807 162857122025211676156159901
808 166360552664742465434445007
809 169943507742770221935130222
810 173598082550407186979511484
811 177306807438197227583469012
812 179794382807246645100194508
813 181042712132061208109878761
814 364600390706451616427751921
815 370924707201790028511955456
816 378617782418760177954854598
817 386470278316240333303588427
818 394494770226987383786295475
819 402695183349148291313449671
820 411075607789419471125179861
821 419640234440077488683422876
822 428393358207183646612082414
823 437339380774547229932247822
824 446482813451980779903605741
825 455828280105650648707513269
826 465380520173152077275316466
827 475144391765984198739973502
828 485124874862194117063436081
829 495327074592053864289448087
830 505756224619720926005044058
831 516417690623732322243303157
832 527316973878384977324929038
833 538459714919063931542385330
834 549851697220227292296695915
835 561498848798058691580785883
836 573407237650157518815690642
837 585582818576020899273763707
838 598030931260282448788306301
839 610724439330916933158636360
840 623603463674834312011571243
841 632241182444355931978534386
842 636575599882154534218423620
843 1281882743616944935960549150
844 1303837982510177175861278583
845 1330540069421255357873276905
846 1357788022231294900932438193
847 1385624739858907019915643566
848 1414063462911809182828695283
849 1443117983411395066540009725
850 1472802427837377552200407559
851 1503131267690199822192797928
852 1534119328499127275717212632
853 1565781799100095277593349844
854 1598134241175766551215962610
855 1631192599066015959111794640
856 1664973209857193760058687402
857 1699492813758803684285501292
858 1734768564776519731707625002
859 1770818041690728673046059399
860 1807659259349455427234469813
861 1845310680281994943270620114
862 1883791226578291137150341911
863 1923120291803569716041650925
864 1963317746081864194417050107
865 2004403920901368583736976939
866 2046398762279681095489306556
867 2089320151908207509874913959
868 2133075670538992302730252568
869 2177461706784540512190211559
870 2207228111367975767315381689
871 2222164186107957271853361774
872 4474413607408560367881625470
873 4550056084264894010055967220
874 4642035831900036546679024641
875 4735869775971423019198316113
876 4831703084229491568832757464
877 4929580044371013234487361669
878 5029546771958924462136364610
879 5131650482533239674246590081
880 5235939525846132552889229909
881 5342463414939746653156985943
882 5451272856078481528910463512
883 5562419779510147235308094557
884 5675957371081385211184426757
885 5791940104733131006423892496
886 5910423775902753280276817907
887 6031465535860387965490050826
888 6155123927007881458227995849
889 6281458919169572902092709705
890 6410531946903049379965862996
891 6542405947849796168996615232
892 6677145401944185525548148425
893 6814816370721726603656875255
894 6955486513755726686453114516
895 7099225037221444565819069736
896 7246099815949894993370185581
897 7396171687720058679103254290
898 7549121243427234714683947004
899 7704245800855050489797869151
900 7808268278359143913473327728
901 7860461887381038181287010436
902 15826045901456541471594843656
903 16090331976412758615744061585
904 16411643444213446416589601490
905 16739347730136626822095640974
906 17073943589547784734690505058
907 17415581535673511943528984505
908 17764418242518176848814591228
909 18120614064304294202331197309
910 18484333148489791917227771043
911 18855743531394934155651813315
912 19235017236591309132212324072
913 19622330375965069014923699191
914 20017863253534713161894688013
915 20421800472104800998173842479
916 20834331042839629372114354067
917 21255648497843633391641593015
918 21685951005838022764166646760
919 22125441491025668331256746682
920 22574327755232648570848151127
921 23032822603388514621903691210
922 23501143971751067195957239238
923 23979515056398896930163383404
924 24468164365811233815262851618
925 24967325548243958178788586748
926 25477227691201878053137673461
927 25998076088933252689635784179
928 26528775361729103749298959183
929 27066919264106608830092501464
930 27427756359045916683302574733
931 27608799071177977891412453494
932 55582198533062407399252658909
933 56498766343102710252302245047
934 57612909223429712075196807022
935 58748921991366502614967205503
936 59908504822328490510011944003
937 61092165054220866518415277576
938 62300430615586421664640202583
939 63533841641165066915762254991
940 64792950841601747522182940142
941 66078323815023555887410693254
942 67390539367457267543858629231
943 68730189841789446202401996063
944 70097881455520229708288431539
945 71494234647565016633011234776
946 72919884434366347026089960825
947 74375480775586579206182818495
948 75861688949660548113540746721
949 77379189939496055226078542023
950 78928680828617893451651818276
951 80510875208039074682762435801
952 82126503594056750883926446084
953 83776313854994100799346313212
954 85461071638662544302039485652
955 87181560543686781411709725884
956 88938581531173242278587486534
957 90732919720340462559808192902
958 92565278554606496253766706806
959 94431847640056603430915448795
960 96324267886057948209123978044
961 97593084668384458675320936050
#END